0.03037 0.533333
0.06538 0.6
0.06954 0.8
0.10039 1.33333
0.10455 1.6
0.10871 1.86667
0.11287 2.13333
0.13540 1.8
0.13956 2
0.14372 2.2
0.14788 2.4
0.15204 2.6
0.15620 2.8
0.16036 3
0.16452 3.2
0.17042 4.53333
0.17458 4.8
0.17874 5.06667
0.18290 5.33333
0.18706 5.6
0.19122 5.86667
0.19538 6.13333
0.19954 6.4
0.20370 6.66667
0.20786 6.93333
0.21202 7.2
0.21618 7.46667
0.22034 7.73333
0.22450 8
0.22866 8.26667
0.23282 8.53333
0.23698 3.77143
0.24114 3.88571
0.24530 4
0.24946 4.11429
0.25362 4.22857
0.25778 4.34286
0.26194 4.45714
0.26610 4.57143
0.27026 4.68571
0.27442 4.8
0.27858 4.91429
0.28274 5.02857
0.28690 5.14286
0.29106 5.25714
0.29522 5.37143
0.29938 5.48571
0.30354 5.6
0.30770 5.71429
0.31186 5.82857
0.31602 5.94286
0.32018 6.05714
0.32434 6.17143
0.32850 6.28571
0.33266 6.4
0.33682 6.51429
0.34098 6.62857
0.34514 6.74286
0.34930 6.85714
0.35346 6.97143
0.35762 7.08571
0.36178 7.2
0.36594 7.31429
0.37010 3.93846
0.37426 3.93846
0.37842 3.93846
0.38258 3.93846
0.38674 3.93846
0.39090 3.93846
0.39506 3.93846
0.39922 3.93846
0.40338 3.93846
0.40754 3.93846
0.41170 3.93846
0.41586 3.93846
0.42002 3.93846
0.58226 0.123077
0.61727 0.184615
0.65228 0.246154
0.66060 0.307692
0.68729 0.369231
0.69561 0.430769
0.70393 0.492308
0.72230 0.553846
0.73062 0.615385
0.73894 0.676923
0.74726 0.738462
0.75558 0.8
0.76390 0.861538
0.77222 0.923077
0.78054 0.984615
0.78886 1.04615
0.79718 1.10769
0.80550 1.16923
0.81382 1.23077
0.82214 1.29231
0.83046 1.35385
0.83878 1.41538
0.84710 1.47692
0.85542 1.53846
0.86374 1.6
0.87206 1.66154
0.93030 2.48889
0.93446 2.57778
0.93862 2.66667
0.94278 2.75556
0.94694 2.84444
0.95110 2.8472
0.95526 2.84996
0.95942 2.8528
0.96358 2.85556
0.96774 2.85831
0.97190 2.86107
0.97606 2.86382
0.98022 2.86658
0.98438 2.86933
0.98854 2.87209
0.99270 2.87484
0.99686 2.8776
1.00102 2.88036
1.00518 2.88311
1.00934 2.88587
1.01350 2.88853
1.01766 2.89129
1.02182 2.89404
1.02598 2.8968
1.03014 2.89947
1.03430 2.90222
1.17158 0.177778
1.20659 0.266667
1.24160 1.06667
1.24576 1.33333
1.24992 1.6
1.25408 1.86667
1.27661 1.6
1.28077 1.8
1.28493 2
1.28909 2.2
1.29325 2.4
1.29741 2.6
1.30157 2.8
1.31163 4
1.31579 4.26667
1.31995 4.2832
1.32411 4.3
1.32827 4.31653
1.33243 4.33307
1.33659 4.34933
1.34075 4.3656
1.34491 4.38187
1.34907 4.39813
1.35323 4.4144
1.35739 4.4304
1.36155 4.44667
1.36571 4.46267
1.36987 2.2392
1.37403 2.2472
1.37819 2.25507
1.38235 2.26293
1.38651 2.2708
1.39067 2.27867
1.39483 2.2864
1.39899 2.29427
1.40315 2.302
1.40731 2.30973
1.41147 2.31747
1.41563 2.32507
1.41979 2.33267
1.42395 2.3404
1.42811 2.348
1.43227 2.35547
1.43643 2.02549
1.44059 2.03189
1.44475 2.0384
1.44891 2.0448
1.45307 2.0512
1.45723 2.05749
1.46139 2.06389
1.46555 2.07017
1.46971 2.07646
1.47387 2.08274
1.47803 2.08903
1.48219 2.09531
1.48635 2.1016
1.49051 2.10777
1.49467 2.11394
1.49883 2.12011
1.50299 2.12629
1.50715 2.13246
1.51131 2.13851
1.51547 2.14469
1.51963 2.15074
1.52379 2.1568
1.52795 2.16286
1.53211 2.16891
1.53627 2.17497
1.54043 2.18091
1.54459 2.18697
1.54875 2.19291
1.55291 2.19886
1.55707 2.2048
1.56123 2.21074
1.56539 2.21669
1.56955 2.22251
1.57371 2.22846
1.57787 2.23429
1.58203 2.24011
1.58619 2.24594
1.59035 2.25177
1.59451 2.2576
1.59867 2.26331
1.60283 2.26914
1.60699 2.27486
1.61115 2.28057
1.61531 2.2864
1.61947 2.29211
1.62363 2.29771
1.62779 2.30343
1.63195 2.30914
1.63611 2.31474
1.64027 2.32046
1.64443 2.32606
1.64859 2.33166
1.65275 2.33726
1.65691 2.34286
1.66107 2.0549
1.66523 2.0597
1.66939 2.0646
1.67355 2.0694
1.67771 2.0743
1.68187 2.0791
1.68603 2.0839
1.69019 2.0887
1.69435 2.0935
1.69851 2.0983
1.70267 2.103
1.70683 2.1078
1.71099 2.1125
1.71515 2.1173
1.71931 2.122
1.72347 2.1267
1.72763 2.1314
1.73179 2.1361
1.73595 2.1408
1.74011 2.1454
1.74427 2.1501
1.74843 2.1548
1.75259 2.1594
1.75675 2.164
1.76091 2.1687
1.76507 2.1733
1.76923 2.1779
1.77339 2.1825
1.77755 2.187
1.78171 2.1916
1.78587 2.1962
1.79003 2.2007
1.79419 2.2053
1.79835 2.2098
1.80251 2.2143
1.80667 2.2188
1.81083 2.2234
1.81499 2.2278
1.81915 2.2323
1.82331 2.2368
1.82747 2.2413
1.83163 1.99627
1.83579 2.00018
1.83995 2.00409
1.84411 2.00809
1.84827 2.012
1.85243 2.01591
1.85659 2.01982
1.86075 2.02373
1.86491 2.02764
1.86907 2.03156
1.87323 2.03547
1.87739 2.03938
1.88155 2.0432
1.88571 2.04711
1.88987 2.05093
1.89403 2.05476
1.89819 2.05867
1.90235 2.06249
1.90651 2.06631
1.91067 2.07013
1.91483 2.07396
1.91899 2.07778
1.92315 2.0816
1.92731 2.08533
1.93147 2.08916
1.93563 2.09289
1.93979 2.09671
1.94395 2.10044
1.94811 2.10427
1.95227 2.108
1.95643 2.11173
1.96059 2.11547
1.96475 2.1192
1.96891 2.12293
1.97307 2.12667
1.97723 2.1304
1.98139 2.13404
1.98555 2.13778
1.98971 2.14151
1.99387 2.14516
1.99803 2.14889
2.00219 2.15253
2.00635 2.15618
2.01051 2.15991
2.01467 2.16356
2.01883 1.95048
2.02299 1.95376
2.02715 1.95704
2.03131 1.96032
2.03547 1.96352
2.03963 1.9668
2.04379 1.97008
2.04795 1.97328
2.05211 1.97656
2.05627 1.97976
2.06043 1.98304
2.06459 1.98624
2.06875 1.98944
2.07291 1.99272
2.07707 1.99592
2.08123 1.99912
2.08539 2.00232
2.08955 2.00552
2.09371 2.00872
2.09787 2.01192
2.10203 2.01504
2.10619 2.01824
2.11035 2.02144
2.11451 2.02456
2.11867 2.02776
2.12283 2.03088
2.12699 2.03408
2.13115 2.0372
2.13531 2.04032
2.13947 2.04344
2.14363 2.04664
2.14779 2.04976
2.15195 2.05288
2.15611 2.056
2.16027 2.05912
2.16443 2.06216
2.16859 2.06528
2.17275 2.0684
2.17691 2.07152
2.18107 2.07456
2.18523 2.07768
2.18939 2.08072
2.19355 2.08384
2.19771 2.08688
2.20187 2.09
2.20603 2.09304
2.21019 2.09608
2.21435 2.09912
2.21851 2.10216
2.22267 2.1052
2.22683 2.10824
2.23099 2.11128
2.23515 2.11432
2.23931 2.11736
2.24347 2.1204
2.24763 2.12344
2.25179 2.1264
2.25595 2.12944
2.26011 2.1324
2.26427 2.13544
2.26843 2.1384
2.27259 2.14144
2.27675 2.1444
2.28091 2.14736
2.28507 2.1504
2.28923 2.15336
2.29339 2.15632
2.29755 2.15928
2.30171 2.16224
2.30587 2.1652
2.31003 2.16816
2.31419 2.17112
2.31835 2.17408
2.32251 2.17704
2.32667 2.17992
2.33083 1.98444
2.33499 1.98713
2.33915 1.98975
2.34331 1.99244
2.34747 1.99505
2.35163 1.99775
2.35579 2.00036
2.35995 2.00305
2.36411 2.00567
2.36827 2.00829
2.37243 2.01091
2.37659 2.0136
2.38075 2.01622
2.38491 2.01884
2.38907 2.02145
2.39323 2.02407
2.39739 2.02669
2.40155 2.02931
2.40571 2.03185
2.40987 2.03447
2.41403 2.03709
2.41819 2.03971
2.42235 2.04225
2.42651 2.04487
2.43067 2.04749
2.43483 2.05004
2.43899 2.05265
2.44315 2.0552
2.44731 2.05775
2.45147 2.06036
2.45563 2.06291
2.45979 2.06545
2.46395 2.068
2.46811 2.07062
2.47227 2.07316
2.47643 2.07571
2.48059 2.07825
2.48475 2.0808
2.48891 2.08335
2.49307 2.08589
2.49723 2.08844
2.50139 2.09091
2.50555 2.09345
2.50971 2.096
2.51387 2.09855
2.51803 2.10102
2.52219 2.10356
2.52635 2.10604
2.53051 2.10858
2.53467 2.11113
2.53883 2.1136
2.54299 2.11607
2.54715 2.11862
2.55131 2.12109
2.55547 2.12356
2.55963 1.94893
2.56379 1.9512
2.56795 1.95347
2.57211 1.95573
2.57627 1.958
2.58043 1.96027
2.58459 1.96253
2.58875 1.9648
2.59291 1.96707
2.59707 1.96933
2.60123 1.9716
2.60539 1.97387
2.60955 1.97607
2.61371 1.97833
2.61787 1.9806
2.62203 1.98287
2.62619 1.98507
2.63035 1.98733
2.63451 1.98953
2.63867 1.9918
2.64283 1.994
2.64699 1.99627
2.65115 1.99847
2.65531 2.00067
2.65947 2.00293
2.66363 2.00513
2.66779 2.00733
2.67195 2.0096
2.67611 2.0118
2.68027 2.014
2.68443 2.0162
2.68859 2.0184
2.69275 2.0206
2.69691 2.0228
2.70107 2.025
2.70523 2.0272
2.70939 2.0294
2.71355 2.0316
2.71771 2.03373
2.72187 2.03593
2.72603 2.03813
2.73019 2.04033
2.73435 2.04247
2.73851 2.04467
2.74267 2.04687
2.74683 2.049
2.75099 2.0512
2.75515 2.05333
2.75931 2.05553
2.76347 2.05767
2.76763 2.05987
2.77179 2.062
2.77595 2.06413
2.78011 2.06633
2.78427 2.06847
2.78843 2.0706
2.79259 2.07273
2.79675 2.07487
2.80091 2.07707
2.80507 1.91926
2.80923 1.92123
2.81339 1.9232
2.81755 1.92517
2.82171 1.92714
2.82587 1.92911
2.83003 1.93108
2.83419 1.93298
2.83835 1.93495
2.84251 1.93692
2.84667 1.93889
2.85083 1.94086
2.85499 1.94277
2.85915 1.94474
2.86331 1.94671
2.86747 1.94862
2.87163 1.95058
2.87579 1.95249
2.87995 1.95446
2.88411 1.95637
2.88827 1.95834
2.89243 1.96025
2.89659 1.96222
2.90075 1.96412
2.90491 1.96603
2.90907 1.968
2.91323 1.96991
2.91739 1.97182
2.92155 1.97372
2.92571 1.97563
2.92987 1.9776
2.93403 2.14447
2.93819 2.14653
2.94235 2.1486
2.94651 2.15067
2.95067 2.15273
2.95483 2.1548
2.95899 2.15687
2.96315 2.15893
2.96731 2.161
2.97147 2.163
2.97563 2.16507
2.97979 2.16713
2.98395 2.1692
2.98811 2.17127
2.99227 2.17327
2.99643 2.17533
3.00059 2.1774
3.00475 2.1794
3.00891 2.18147
3.01307 2.18347
3.01723 2.18553
3.02139 2.18753
3.02555 2.1896
3.02971 2.1916
3.03387 2.19367
3.03803 2.19567
3.04219 2.19767
3.04635 2.19973
3.05051 2.20173
3.05467 2.20373
3.05883 2.2058
3.06299 2.2078
3.06715 1.89411
3.07131 1.89583
3.07547 1.89754
3.07963 1.89931
3.08379 1.90103
3.08795 1.90274
3.09211 1.90446
3.09627 1.90617
3.10043 1.90789
3.10459 1.9096
3.10875 1.91131
3.11291 1.91297
3.11707 1.91469
3.12123 1.9164
3.12539 1.91811
3.12955 1.91983
3.13371 1.92154
3.13787 1.9232
3.14203 1.92491
3.14619 1.92663
3.15035 1.92829
3.15451 1.93
3.15867 1.93171
3.16283 1.93337
3.16699 1.93509
3.17115 1.93674
3.17531 1.93846
3.17947 1.94011
3.18363 1.94183
3.18779 1.94349
3.19195 1.9452
3.19611 1.94686
3.20027 1.94851
3.20443 2.10025
3.20859 2.10203
3.21275 2.10382
3.21691 2.1056
3.22107 2.10745
3.22523 2.10923
3.22939 2.11102
3.23355 2.1128
3.23771 2.11458
3.24187 2.11637
3.24603 2.11815
3.25019 2.11994
3.25435 2.12178
3.25851 2.12357
3.26267 2.12535
3.26683 2.12708
3.27099 2.12886
3.27515 2.13065
3.27931 2.13243
3.28347 2.13422
3.28763 2.136
3.29179 2.13778
3.29595 2.13951
3.30011 2.14129
3.30427 2.14308
3.30843 2.14486
3.31259 2.14658
3.31675 2.14837
3.32091 2.15015
3.32507 2.15188
3.32923 2.15366
3.33339 2.15538
3.33755 2.15717
3.34171 2.15895
3.34587 1.87259
3.35003 1.87413
3.35419 1.87563
3.35835 1.87712
3.36251 1.87867
3.36667 1.88016
3.37083 1.88171
3.37499 1.8832
3.37915 1.88469
3.38331 1.88624
3.38747 1.88773
3.39163 1.88923
3.39579 1.89072
3.39995 1.89227
3.40411 1.89376
3.40827 1.89525
3.41243 1.89675
3.41659 1.89824
3.42075 1.89973
3.42491 1.90123
3.42907 1.90272
3.43323 1.90421
3.43739 1.90571
3.44155 1.9072
3.44571 1.90869
3.44987 1.91019
3.45403 1.91168
3.45819 1.91317
3.46235 1.91467
3.46651 1.91616
3.47067 1.91765
3.47483 1.91909
3.47899 1.92059
3.48315 1.92208
3.48731 1.92357
3.49147 2.06257
3.49563 2.06411
3.49979 2.06571
3.50395 2.06731
3.50811 2.06886
3.51227 2.07046
3.51643 2.072
3.52059 2.0736
3.52475 2.0752
3.52891 2.07674
3.53307 2.07834
3.53723 2.07989
3.54139 2.08149
3.54555 2.08303
3.54971 2.08457
3.55387 2.08617
3.55803 2.08771
3.56219 2.08931
3.56635 2.09086
3.57051 2.0924
3.57467 2.094
3.57883 2.09554
3.58299 2.09709
3.58715 2.09863
3.59131 2.10023
3.59547 2.10177
3.59963 2.10331
3.60379 2.10486
3.60795 2.1064
3.61211 2.108
3.61627 2.10954
3.62043 2.11109
3.62459 2.11263
3.62875 2.11417
3.63291 2.11571
3.63707 2.11726
3.64123 1.97755
3.64539 1.97899
3.64955 1.98043
3.65371 1.98187
3.65787 1.98331
3.66203 1.98475
3.66619 1.98613
3.67035 1.98757
3.67451 1.98901
3.67867 1.99045
3.68283 1.99189
3.68699 1.99328
3.69115 1.99472
3.69531 1.99616
3.69947 1.9976
3.70363 1.99899
3.70779 2.00043
3.71195 2.00187
3.71611 2.00325
3.72027 2.00469
3.72443 2.00613
3.72859 2.00752
3.73275 2.00896
3.73691 2.01035
3.74107 2.01179
3.74523 2.01317
3.74939 2.01461
3.75355 2.016
3.75771 2.01744
3.76187 2.01883
3.76603 2.02027
3.77019 2.02165
3.77435 2.02304
3.77851 2.02448
3.78267 2.02587
3.78683 2.02725
3.79099 2.02869
3.79515 1.9032
3.79931 1.9045
3.80347 1.90585
3.80763 1.90715
3.81179 1.90845
3.81595 1.90975
3.82011 1.91105
3.82427 1.9124
3.82843 1.9137
3.83259 1.915
3.83675 1.9163
3.84091 1.9176
3.84507 1.9189
3.84923 1.9202
3.85339 1.9215
3.85755 1.9228
3.86171 1.9241
3.86587 1.9254
3.87003 1.9267
3.87419 1.928
3.87835 1.9293
3.88251 1.9306
3.88667 1.9319
3.89083 1.9332
3.89499 1.9345
3.89915 1.93575
3.90331 1.93705
3.90747 1.93835
3.91163 1.93965
3.91579 1.94095
3.91995 1.9422
3.92411 1.9435
3.92827 1.9448
3.93243 1.9461
3.93659 1.94735
3.94075 1.94865
3.94491 1.94995
3.94907 1.9512
3.95323 2.08267
3.95739 2.084
3.96155 2.08539
3.96571 2.08677
3.96987 2.08811
3.97403 2.08949
3.97819 2.09083
3.98235 2.09221
3.98651 2.09355
3.99067 2.09493
3.99483 2.09627
3.99899 2.09765
4.00315 2.09899
4.00731 2.10032
4.01147 2.10171
4.01563 2.10304
4.01979 2.10443
4.02395 2.10576
4.02811 2.10709
4.03227 2.10848
4.03643 2.10981
4.04059 2.11115
4.04475 2.11248
4.04891 2.11387
4.05307 2.1152
4.05723 2.11653
4.06139 2.11787
4.06555 2.11925
4.06971 2.12059
4.07387 2.12192
4.07803 2.12325
4.08219 2.12459
4.08635 2.12592
4.09051 2.12725
4.09467 2.12859
4.09883 2.12992
4.10299 2.13125
4.10715 2.13259
4.27771 0.106667
4.31272 0.8
4.31688 1.06667
4.34773 1
4.35189 1.2
4.35605 1.4
4.36021 1.6
4.38274 2.4
4.38690 2.66667
4.39106 2.93333
4.39522 3.2
4.39938 3.46667
4.40354 3.73333
4.40770 4
4.41186 4.26667
4.41775 3.4
4.42191 3.6
4.42607 3.8
4.43023 3.8106
4.43439 3.821
4.43855 3.8314
4.44271 3.842
4.44687 3.8524
4.45103 3.8628
4.45519 3.873
4.45935 3.8834
4.46351 3.8938
4.46767 3.904
4.47183 3.9142
4.47599 3.9244
4.48015 3.9346
4.48431 2.62987
4.48847 2.63667
4.49263 2.64333
4.49679 2.65013
4.50095 2.6568
4.50511 2.66347
4.50927 2.67013
4.51343 2.6768
4.51759 2.68347
4.52175 2.69013
4.52591 2.69667
4.53007 2.70333
4.53423 2.70987
4.53839 2.7164
4.54255 2.72293
4.54671 2.72947
4.55087 2.736
4.55503 2.74253
4.55919 2.74907
4.56335 2.0666
4.56751 2.0714
4.57167 2.0763
4.57583 2.0811
4.57999 2.0859
4.58415 2.0907
4.58831 2.0955
4.59247 2.1002
4.59663 2.105
4.60079 2.1098
4.60495 2.1145
4.60911 2.1192
4.61327 2.1239
4.61743 2.1286
4.62159 2.1333
4.62575 2.138
4.62991 2.1427
4.63407 2.1474
4.63823 2.152
4.64239 2.1567
4.64655 1.92116
4.65071 1.92524
4.65487 1.92942
4.65903 1.93351
4.66319 1.9376
4.66735 1.94169
4.67151 1.94569
4.67567 1.94978
4.67983 1.95387
4.68399 1.95787
4.68815 1.96187
4.69231 1.96596
4.69647 1.96996
4.70063 1.97396
4.70479 1.97796
4.70895 1.98196
4.71311 1.98596
4.71727 1.98996
4.72143 1.99387
4.72559 1.99787
4.72975 2.00178
4.73391 2.2565
4.73807 2.2609
4.74223 2.2653
4.74639 2.2698
4.75055 2.2742
4.75471 2.2786
4.75887 2.2829
4.76303 2.2873
4.76719 2.2917
4.77135 2.2961
4.77551 2.3004
4.77967 2.3048
4.78383 2.3091
4.78799 2.3134
4.79215 2.3178
4.79631 2.3221
4.80047 2.3264
4.80463 2.3307
4.80879 2.335
4.81295 2.3392
4.81711 2.3435
4.82127 2.3478
4.82543 1.8816
4.82959 1.88504
4.83375 1.8884
4.83791 1.89184
4.84207 1.8952
4.84623 1.89856
4.85039 1.90192
4.85455 1.90536
4.85871 1.90864
4.86287 1.912
4.86703 1.91536
4.87119 1.91872
4.87535 1.92208
4.87951 1.92536
4.88367 1.92872
4.88783 1.932
4.89199 1.93536
4.89615 1.93864
4.90031 1.94192
4.90447 1.94528
4.90863 1.94856
4.91279 1.95184
4.91695 1.95512
4.92111 2.176
4.92527 2.17964
4.92943 2.1832
4.93359 2.18684
4.93775 2.19049
4.94191 2.19404
4.94607 2.19769
4.95023 2.20124
4.95439 2.20489
4.95855 2.20844
4.96271 2.212
4.96687 2.21556
4.97103 2.21911
4.97519 2.22267
4.97935 2.22622
4.98351 2.22978
4.98767 2.23333
4.99183 2.23689
4.99599 2.24044
5.00015 2.24391
5.00431 2.24747
5.00847 2.25102
5.01263 2.25449
5.01679 2.25804
5.02095 2.03536
5.02511 2.03848
5.02927 2.0416
5.03343 2.0448
5.03759 2.04792
5.04175 2.05104
5.04591 2.05416
5.05007 2.05728
5.05423 2.0604
5.05839 2.06352
5.06255 2.06656
5.06671 2.06968
5.07087 2.0728
5.07503 2.07584
5.07919 2.07896
5.08335 2.082
5.08751 2.08512
5.09167 2.08816
5.09583 2.0912
5.09999 2.09432
5.10415 2.09736
5.10831 2.1004
5.11247 2.10344
5.11663 2.10648
5.12079 2.10952
5.12495 1.92051
5.12911 1.92327
5.13327 1.92604
5.13743 1.92873
5.14159 1.93149
5.14575 1.93425
5.14991 1.93695
5.15407 1.93971
5.15823 1.9424
5.16239 1.94516
5.16655 1.94785
5.17071 1.95062
5.17487 1.95331
5.17903 1.956
5.18319 1.95869
5.18735 1.96138
5.19151 1.96415
5.19567 1.96684
5.19983 1.96953
5.20399 1.97215
5.20815 1.97484
5.21231 1.97753
5.21647 1.98022
5.22063 1.98291
5.22479 1.98553
5.22895 1.98822
5.23311 2.19
5.23727 2.19288
5.24143 2.19584
5.24559 2.19872
5.24975 2.2016
5.25391 2.20456
5.25807 2.20744
5.26223 2.21032
5.26639 2.2132
5.27055 2.21616
5.27471 2.21904
5.27887 2.22192
5.28303 2.2248
5.28719 2.22768
5.29135 2.23056
5.29551 2.23336
5.29967 2.23624
5.30383 2.23912
5.30799 2.242
5.31215 2.2448
5.31631 2.24768
5.32047 2.25056
5.32463 2.25336
5.32879 2.25624
5.33295 2.25904
5.33711 2.26192
5.34127 2.26472
5.34543 1.8896
5.34959 1.892
5.35375 1.89433
5.35791 1.89667
5.36207 1.899
5.36623 1.90133
5.37039 1.90367
5.37455 1.906
5.37871 1.90833
5.38287 1.91067
5.38703 1.913
5.39119 1.91533
5.39535 1.91767
5.39951 1.92
5.40367 1.92227
5.40783 1.9246
5.41199 1.92693
5.41615 1.9292
5.42031 1.93153
5.42447 1.9338
5.42863 1.93613
5.43279 1.9384
5.43695 1.94073
5.44111 1.943
5.44527 1.94527
5.44943 1.9476
5.45359 1.94987
5.45775 1.95213
5.46191 2.13207
5.46607 2.13455
5.47023 2.13702
5.47439 2.13949
5.47855 2.14196
5.48271 2.14444
5.48687 2.14691
5.49103 2.14938
5.49519 2.15185
5.49935 2.15433
5.50351 2.15673
5.50767 2.1592
5.51183 2.16167
5.51599 2.16407
5.52015 2.16655
5.52431 2.16902
5.52847 2.17142
5.53263 2.17389
5.53679 2.17629
5.54095 2.17876
5.54511 2.18116
5.54927 2.18356
5.55343 2.18604
5.55759 2.18844
5.56175 2.19084
5.56591 2.19324
5.57007 2.19564
5.57423 2.19811
5.57839 2.20051
5.58255 2.01933
5.58671 2.02153
5.59087 2.02373
5.59503 2.02593
5.59919 2.02813
5.60335 2.03027
5.60751 2.03247
5.61167 2.03467
5.61583 2.03687
5.61999 2.03907
5.62415 2.0412
5.62831 2.0434
5.63247 2.0456
5.63663 2.04773
5.64079 2.04993
5.64495 2.05207
5.64911 2.05427
5.65327 2.0564
5.65743 2.0586
5.66159 2.06073
5.66575 2.06287
5.66991 2.06507
5.67407 2.0672
5.67823 2.06933
5.68239 2.07147
5.68655 2.07367
5.69071 2.0758
5.69487 2.07793
5.69903 2.08007
5.70319 2.0822
5.70735 1.924
5.71151 1.92597
5.71567 1.92794
5.71983 1.92991
5.72399 1.93188
5.72815 1.93385
5.73231 1.93575
5.73647 1.93772
5.74063 1.93969
5.74479 1.94166
5.74895 1.94357
5.75311 1.94554
5.75727 1.94751
5.76143 1.94942
5.76559 1.95138
5.76975 1.95329
5.77391 1.95526
5.77807 1.95717
5.78223 1.95914
5.78639 1.96105
5.79055 1.96302
5.79471 1.96492
5.79887 1.96683
5.80303 1.9688
5.80719 1.97071
5.81135 1.97262
5.81551 1.97452
5.81967 1.97643
5.82383 1.9784
5.82799 1.98031
5.83215 1.98222
5.83631 1.98412
5.84047 1.98603
5.84463 1.98794
5.84879 1.98985
5.85295 1.99175
5.85711 1.99366
5.86127 1.99551
5.86543 1.99742
5.86959 1.99932
5.87375 2.00123
5.87791 2.00314
5.88207 2.00498
5.88623 2.00689
5.89039 2.0088
5.89455 2.01065
5.89871 2.01255
5.90287 2.0144
5.90703 2.01631
5.91119 2.01822
5.91535 2.02006
5.91951 2.02191
5.92367 2.02382
5.92783 2.02566
5.93199 2.02757
5.93615 2.02942
5.94031 2.03126
5.94447 2.03317
5.94863 2.03502
5.95279 2.03686
5.95695 2.03871
5.96111 2.04062
5.96527 2.04246
5.96943 2.04431
5.97359 2.04615
5.97775 2.048
5.98191 2.04985
5.98607 2.05169
5.99023 2.05354
5.99439 2.05538
5.99855 2.05723
6.00271 2.05908
6.00687 2.06092
6.01103 2.06277
6.01519 2.06462
6.01935 2.0664
6.02351 2.06825
6.02767 2.07009
6.03183 2.07194
6.03599 2.07372
6.04015 2.07557
6.04431 2.07742
6.04847 2.0792
6.05263 2.08105
6.05679 2.08283
6.06095 2.08468
6.06511 2.08646
6.06927 2.08831
6.07343 2.09009
6.07759 2.09194
6.08175 2.09372
6.08591 2.09557
6.09007 2.09735
6.09423 2.09914
6.09839 2.10098
6.10255 2.10277
6.10671 1.95423
6.11087 1.95589
6.11503 1.9576
6.11919 1.95926
6.12335 1.96091
6.12751 1.96257
6.13167 1.96423
6.13583 1.96589
6.13999 1.96754
6.14415 1.96926
6.14831 1.97091
6.15247 1.97257
6.15663 1.97417
6.16079 1.97583
6.16495 1.97749
6.16911 1.97914
6.17327 1.9808
6.17743 1.98246
6.18159 1.98411
6.18575 1.98577
6.18991 1.98737
6.19407 1.98903
6.19823 1.99069
6.20239 1.99234
6.20655 1.99394
6.21071 1.9956
6.21487 1.99726
6.21903 1.99886
6.22319 2.00051
6.22735 2.00211
6.23151 2.00377
6.23567 2.00537
6.23983 2.00703
6.24399 2.00863
6.24815 2.01029
6.25231 2.01189
6.25647 2.01354
6.26063 2.01514
6.26479 2.01674
6.26895 2.0184
6.27311 2.02
6.27727 2.0216
6.28143 2.02326
6.28559 2.02486
6.28975 2.02646
6.29391 2.02806
6.29807 2.02966
6.30223 2.03131
6.30639 2.03291
6.31055 2.03451
6.31471 2.03611
6.31887 2.03771
6.32303 2.03931
6.32719 2.04091
6.33135 2.04251
6.33551 2.04411
6.33967 2.04571
6.34383 2.04731
6.34799 2.04891
6.35215 2.05051
6.35631 2.05211
6.36047 2.05366
6.36463 2.05526
6.36879 2.05686
6.37295 2.05846
6.37711 2.06006
6.38127 2.0616
6.38543 2.0632
6.38959 2.0648
6.39375 2.06634
6.39791 2.06794
6.40207 2.06954
6.40623 2.07109
6.41039 2.07269
6.41455 2.07423
6.41871 2.07583
6.42287 2.07737
6.42703 2.07897
6.43119 2.08051
6.43535 2.08211
6.43951 2.08366
6.44367 2.08526
6.44783 2.0868
6.45199 2.0884
6.45615 2.08994
6.46031 2.09149
6.46447 2.09309
6.46863 2.09463
6.47279 2.09617
6.47695 2.09771
6.48111 2.09931
6.48527 2.10086
6.48943 2.1024
6.49359 2.10394
6.49775 2.10549
6.50191 2.10709
6.50607 2.10863
6.51023 2.11017
6.51439 2.11171
6.51855 2.11326
6.52271 2.1148
6.52687 2.11634
6.53103 2.11789
6.53519 2.11943
6.53935 2.12097
6.54351 1.98101
6.54767 1.98245
6.55183 1.98389
6.55599 1.98533
6.56015 1.98672
6.56431 1.98816
6.56847 1.9896
6.57263 1.99104
6.57679 1.99248
6.58095 1.99392
6.58511 1.99531
6.58927 1.99675
6.59343 1.99819
6.59759 1.99957
6.60175 2.00101
6.60591 2.00245
6.61007 2.00384
6.61423 2.00528
6.61839 2.00672
6.62255 2.00811
6.62671 2.00955
6.63087 2.01093
6.63503 2.01237
6.63919 2.01376
6.64335 2.0152
6.64751 2.01659
6.65167 2.01803
6.65583 2.01941
6.65999 2.02085
6.66415 2.02224
6.66831 2.02363
6.67247 2.02507
6.67663 2.02645
6.68079 2.02784
6.68495 2.02928
6.68911 2.03067
6.69327 2.03205
6.69743 1.90635
6.70159 1.9077
6.70575 1.909
6.70991 1.9103
6.71407 1.9116
6.71823 1.9129
6.72239 1.9142
6.72655 1.91555
6.73071 1.91685
6.73487 1.91815
6.73903 1.91945
6.74319 1.92075
6.74735 1.92205
6.75151 1.92335
6.75567 1.92465
6.75983 1.92595
6.76399 1.92725
6.76815 1.92855
6.77231 1.92985
6.77647 1.93115
6.78063 1.93245
6.78479 1.9337
6.78895 1.935
6.79311 1.9363
6.79727 1.9376
6.80143 1.9389
6.80559 1.9402
6.80975 1.94145
6.81391 1.94275
6.81807 1.94405
6.82223 1.94535
6.82639 1.9466
6.83055 1.9479
6.83471 1.9492
6.83887 1.95045
6.84303 1.95175
6.84719 1.953
6.85135 1.9543
6.85551 1.9556
6.85967 1.95685
6.86383 1.95815
6.86799 1.9594
6.87215 1.9607
6.87631 1.96195
6.88047 1.96325
6.88463 1.9645
6.88879 1.9658
6.89295 1.96705
6.89711 1.96835
6.90127 1.9696
6.90543 1.97085
6.90959 1.97215
6.91375 1.9734
6.91791 1.97465
6.92207 1.97595
6.92623 1.9772
6.93039 1.97845
6.93455 1.97975
6.93871 1.981
6.94287 1.98225
6.94703 1.9835
6.95119 1.9848
6.95535 1.98605
6.95951 1.9873
6.96367 1.98855
6.96783 1.9898
6.97199 1.99105
6.97615 1.9923
6.98031 1.9936
6.98447 1.99485
6.98863 1.9961
6.99279 1.99735
6.99695 1.9986
7.16751 0.1
7.20252 0.8
7.20668 1.06667
7.23753 1
7.24169 1.2
7.24585 1.4
7.25001 1.6
7.27254 2.4
7.27670 2.66667
7.28086 2.93333
7.28502 3.2
7.28918 3.46667
7.29334 3.73333
7.29750 4
7.30166 4.26667
7.30756 3.4
7.31172 3.6
7.31588 3.8
7.32004 3.8106
7.32420 3.821
7.32836 3.8314
7.33252 3.842
7.33668 3.8524
7.34084 3.8628
7.34500 3.873
7.34916 3.8834
7.35332 3.8938
7.35748 3.904
7.36164 3.9142
7.36580 3.9244
7.36996 3.9346
7.37412 2.62987
7.37828 2.63667
7.38244 2.64333
7.38660 2.65013
7.39076 2.6568
7.39492 2.66347
7.39908 2.67013
7.40324 2.6768
7.40740 2.68347
7.41156 2.69013
7.41572 2.69667
7.41988 2.70333
7.42404 2.70987
7.42820 2.7164
7.43236 2.72293
7.43652 2.72947
7.44068 2.736
7.44484 2.74253
7.44900 2.74907
7.45316 2.0666
7.45732 2.0714
7.46148 2.0763
7.46564 2.0811
7.46980 2.0859
7.47396 2.0907
7.47812 2.0955
7.48228 2.1002
7.48644 2.105
7.49060 2.1098
7.49476 2.1145
7.49892 2.1192
7.50308 2.1239
7.50724 2.1286
7.51140 2.1333
7.51556 2.138
7.51972 2.1427
7.52388 2.1474
7.52804 2.152
7.53220 2.1567
7.53636 1.92116
7.54052 1.92524
7.54468 1.92942
7.54884 1.93351
7.55300 1.9376
7.55716 1.94169
7.56132 1.94569
7.56548 1.94978
7.56964 1.95387
7.57380 1.95787
7.57796 1.96187
7.58212 1.96596
7.58628 1.96996
7.59044 1.97396
7.59460 1.97796
7.59876 1.98196
7.60292 1.98596
7.60708 1.98996
7.61124 1.99387
7.61540 1.99787
7.61956 2.00178
7.62372 2.2565
7.62788 2.2609
7.63204 2.2653
7.63620 2.2698
7.64036 2.2742
7.64452 2.2786
7.64868 2.2829
7.65284 2.2873
7.65700 2.2917
7.66116 2.2961
7.66532 2.3004
7.66948 2.3048
7.67364 2.3091
7.67780 2.3134
7.68196 2.3178
7.68612 2.3221
7.69028 2.3264
7.69444 2.3307
7.69860 2.335
7.70276 2.3392
7.70692 2.3435
7.71108 2.3478
7.71524 1.8816
7.71940 1.88504
7.72356 1.8884
7.72772 1.89184
7.73188 1.8952
7.73604 1.89856
7.74020 1.90192
7.74436 1.90536
7.74852 1.90864
7.75268 1.912
7.75684 1.91536
7.76100 1.91872
7.76516 1.92208
7.76932 1.92536
7.77348 1.92872
7.77764 1.932
7.78180 1.93536
7.78596 1.93864
7.79012 1.94192
7.79428 1.94528
7.79844 1.94856
7.80260 1.95184
7.80676 1.95512
7.81092 2.176
7.81508 2.17964
7.81924 2.1832
7.82340 2.18684
7.82756 2.19049
7.83172 2.19404
7.83588 2.19769
7.84004 2.20124
7.84420 2.20489
7.84836 2.20844
7.85252 2.212
7.85668 2.21556
7.86084 2.21911
7.86500 2.22267
7.86916 2.22622
7.87332 2.22978
7.87748 2.23333
7.88164 2.23689
7.88580 2.24044
7.88996 2.24391
7.89412 2.24747
7.89828 2.25102
7.90244 2.25449
7.90660 2.25804
7.91076 2.03536
7.91492 2.03848
7.91908 2.0416
7.92324 2.0448
7.92740 2.04792
7.93156 2.05104
7.93572 2.05416
7.93988 2.05728
7.94404 2.0604
7.94820 2.06352
7.95236 2.06656
7.95652 2.06968
7.96068 2.0728
7.96484 2.07584
7.96900 2.07896
7.97316 2.082
7.97732 2.08512
7.98148 2.08816
7.98564 2.0912
7.98980 2.09432
7.99396 2.09736
7.99812 2.1004
8.00228 2.10344
8.00644 2.10648
8.01060 2.10952
8.01476 1.92051
8.01892 1.92327
8.02308 1.92604
8.02724 1.92873
8.03140 1.93149
8.03556 1.93425
8.03972 1.93695
8.04388 1.93971
8.04804 1.9424
8.05220 1.94516
8.05636 1.94785
8.06052 1.95062
8.06468 1.95331
8.06884 1.956
8.07300 1.95869
8.07716 1.96138
8.08132 1.96415
8.08548 1.96684
8.08964 1.96953
8.09380 1.97215
8.09796 1.97484
8.10212 1.97753
8.10628 1.98022
8.11044 1.98291
8.11460 1.98553
8.11876 1.98822
8.12292 2.19
8.12708 2.19288
8.13124 2.19584
8.13540 2.19872
8.13956 2.2016
8.14372 2.20456
8.14788 2.20744
8.15204 2.21032
8.15620 2.2132
8.16036 2.21616
8.16452 2.21904
8.16868 2.22192
8.17284 2.2248
8.17700 2.22768
8.18116 2.23056
8.18532 2.23336
8.18948 2.23624
8.19364 2.23912
8.19780 2.242
8.20196 2.2448
8.20612 2.24768
8.21028 2.25056
8.21444 2.25336
8.21860 2.25624
8.22276 2.25904
8.22692 2.26192
8.23108 2.26472
8.23524 1.8896
8.23940 1.892
8.24356 1.89433
8.24772 1.89667
8.25188 1.899
8.25604 1.90133
8.26020 1.90367
8.26436 1.906
8.26852 1.90833
8.27268 1.91067
8.27684 1.913
8.28100 1.91533
8.28516 1.91767
8.28932 1.92
8.29348 1.92227
8.29764 1.9246
8.30180 1.92693
8.30596 1.9292
8.31012 1.93153
8.31428 1.9338
8.31844 1.93613
8.32260 1.9384
8.32676 1.94073
8.33092 1.943
8.33508 1.94527
8.33924 1.9476
8.34340 1.94987
8.34756 1.95213
8.35172 2.13207
8.35588 2.13455
8.36004 2.13702
8.36420 2.13949
8.36836 2.14196
8.37252 2.14444
8.37668 2.14691
8.38084 2.14938
8.38500 2.15185
8.38916 2.15433
8.39332 2.15673
8.39748 2.1592
8.40164 2.16167
8.40580 2.16407
8.40996 2.16655
8.41412 2.16902
8.41828 2.17142
8.42244 2.17389
8.42660 2.17629
8.43076 2.17876
8.43492 2.18116
8.43908 2.18356
8.44324 2.18604
8.44740 2.18844
8.45156 2.19084
8.45572 2.19324
8.45988 2.19564
8.46404 2.19811
8.46820 2.20051
8.47236 2.01933
8.47652 2.02153
8.48068 2.02373
8.48484 2.02593
8.48900 2.02813
8.49316 2.03027
8.49732 2.03247
8.50148 2.03467
8.50564 2.03687
8.50980 2.03907
8.51396 2.0412
8.51812 2.0434
8.52228 2.0456
8.52644 2.04773
8.53060 2.04993
8.53476 2.05207
8.53892 2.05427
8.54308 2.0564
8.54724 2.0586
8.55140 2.06073
8.55556 2.06287
8.55972 2.06507
8.56388 2.0672
8.56804 2.06933
8.57220 2.07147
8.57636 2.07367
8.58052 2.0758
8.58468 2.07793
8.58884 2.08007
8.59300 2.0822
8.59716 1.924
8.60132 1.92597
8.60548 1.92794
8.60964 1.92991
8.61380 1.93188
8.61796 1.93385
8.62212 1.93575
8.62628 1.93772
8.63044 1.93969
8.63460 1.94166
8.63876 1.94357
8.64292 1.94554
8.64708 1.94751
8.65124 1.94942
8.65540 1.95138
8.65956 1.95329
8.66372 1.95526
8.66788 1.95717
8.67204 1.95914
8.67620 1.96105
8.68036 1.96302
8.68452 1.96492
8.68868 1.96683
8.69284 1.9688
8.69700 1.97071
8.70116 1.97262
8.70532 1.97452
8.70948 1.97643
8.71364 1.9784
8.71780 1.98031
8.72196 1.98222
8.72612 1.98412
8.73028 1.98603
8.73444 1.98794
8.73860 1.98985
8.74276 1.99175
8.74692 1.99366
8.75108 1.99551
8.75524 1.99742
8.75940 1.99932
8.76356 2.00123
8.76772 2.00314
8.77188 2.00498
8.77604 2.00689
8.78020 2.0088
8.78436 2.01065
8.78852 2.01255
8.79268 2.0144
8.79684 2.01631
8.80100 2.01822
8.80516 2.02006
8.80932 2.02191
8.81348 2.02382
8.81764 2.02566
8.82180 2.02757
8.82596 2.02942
8.83012 2.03126
8.83428 2.03317
8.83844 2.03502
8.84260 2.03686
8.84676 2.03871
8.85092 2.04062
8.85508 2.04246
8.85924 2.04431
8.86340 2.04615
8.86756 2.048
8.87172 2.04985
8.87588 2.05169
8.88004 2.05354
8.88420 2.05538
8.88836 2.05723
8.89252 2.05908
8.89668 2.06092
8.90084 2.06277
8.90500 2.06462
8.90916 2.0664
8.91332 2.06825
8.91748 2.07009
8.92164 2.07194
8.92580 2.07372
8.92996 2.07557
8.93412 2.07742
8.93828 2.0792
8.94244 2.08105
8.94660 2.08283
8.95076 2.08468
8.95492 2.08646
8.95908 2.08831
8.96324 2.09009
8.96740 2.09194
8.97156 2.09372
8.97572 2.09557
8.97988 2.09735
8.98404 2.09914
8.98820 2.10098
8.99236 2.10277
8.99652 1.95423
9.00068 1.95589
9.00484 1.9576
9.00900 1.95926
9.01316 1.96091
9.01732 1.96257
9.02148 1.96423
9.02564 1.96589
9.02980 1.96754
9.03396 1.96926
9.03812 1.97091
9.04228 1.97257
9.04644 1.97417
9.05060 1.97583
9.05476 1.97749
9.05892 1.97914
9.06308 1.9808
9.06724 1.98246
9.07140 1.98411
9.07556 1.98577
9.07972 1.98737
9.08388 1.98903
9.08804 1.99069
9.09220 1.99234
9.09636 1.99394
9.10052 1.9956
9.10468 1.99726
9.10884 1.99886
9.11300 2.00051
9.11716 2.00211
9.12132 2.00377
9.12548 2.00537
9.12964 2.00703
9.13380 2.00863
9.13796 2.01029
9.14212 2.01189
9.14628 2.01354
9.15044 2.01514
9.15460 2.01674
9.15876 2.0184
9.16292 2.02
9.16708 2.0216
9.17124 2.02326
9.17540 2.02486
9.17956 2.02646
9.18372 2.02806
9.18788 2.02966
9.19204 2.03131
9.19620 2.03291
9.20036 2.03451
9.20452 2.03611
9.20868 2.03771
9.21284 2.03931
9.21700 2.04091
9.22116 2.04251
9.22532 2.04411
9.22948 2.04571
9.23364 2.04731
9.23780 2.04891
9.24196 2.05051
9.24612 2.05211
9.25028 2.05366
9.25444 2.05526
9.25860 2.05686
9.26276 2.05846
9.26692 2.06006
9.27108 2.0616
9.27524 2.0632
9.27940 2.0648
9.28356 2.06634
9.28772 2.06794
9.29188 2.06954
9.29604 2.07109
9.30020 2.07269
9.30436 2.07423
9.30852 2.07583
9.31268 2.07737
9.31684 2.07897
9.32100 2.08051
9.32516 2.08211
9.32932 2.08366
9.33348 2.08526
9.33764 2.0868
9.34180 2.0884
9.34596 2.08994
9.35012 2.09149
9.35428 2.09309
9.35844 2.09463
9.36260 2.09617
9.36676 2.09771
9.37092 2.09931
9.37508 2.10086
9.37924 2.1024
9.38340 2.10394
9.38756 2.10549
9.39172 2.10709
9.39588 2.10863
9.40004 2.11017
9.40420 2.11171
9.40836 2.11326
9.41252 2.1148
9.41668 2.11634
9.42084 2.11789
9.42500 2.11943
9.42916 2.12097
9.43332 1.98101
9.43748 1.98245
9.44164 1.98389
9.44580 1.98533
9.44996 1.98672
9.45412 1.98816
9.45828 1.9896
9.46244 1.99104
9.46660 1.99248
9.47076 1.99392
9.47492 1.99531
9.47908 1.99675
9.48324 1.99819
9.48740 1.99957
9.49156 2.00101
9.49572 2.00245
9.49988 2.00384
9.50404 2.00528
9.50820 2.00672
9.51236 2.00811
9.51652 2.00955
9.52068 2.01093
9.52484 2.01237
9.52900 2.01376
9.53316 2.0152
9.53732 2.01659
9.54148 2.01803
9.54564 2.01941
9.54980 2.02085
9.55396 2.02224
9.55812 2.02363
9.56228 2.02507
9.56644 2.02645
9.57060 2.02784
9.57476 2.02928
9.57892 2.03067
9.58308 2.03205
9.58724 1.90635
9.59140 1.9077
9.59556 1.909
9.59972 1.9103
9.60388 1.9116
9.60804 1.9129
9.61220 1.9142
9.61636 1.91555
9.62052 1.91685
9.62468 1.91815
9.62884 1.91945
9.63300 1.92075
9.63716 1.92205
9.64132 1.92335
9.64548 1.92465
9.64964 1.92595
9.65380 1.92725
9.65796 1.92855
9.66212 1.92985
9.66628 1.93115
9.67044 1.93245
9.67460 1.9337
9.67876 1.935
9.68292 1.9363
9.68708 1.9376
9.69124 1.9389
9.69540 1.9402
9.69956 1.94145
9.70372 1.94275
9.70788 1.94405
9.71204 1.94535
9.71620 1.9466
9.72036 1.9479
9.72452 1.9492
9.72868 1.95045
9.73284 1.95175
9.73700 1.953
9.74116 1.9543
9.74532 1.9556
9.74948 1.95685
9.75364 1.95815
9.75780 1.9594
9.76196 1.9607
9.76612 1.96195
9.77028 1.96325
9.77444 1.9645
9.77860 1.9658
9.78276 1.96705
9.78692 1.96835
9.79108 1.9696
9.79524 1.97085
9.79940 1.97215
9.80356 1.9734
9.80772 1.97465
9.81188 1.97595
9.81604 1.9772
9.82020 1.97845
9.82436 1.97975
9.82852 1.981
9.83268 1.98225
9.83684 1.9835
9.84100 1.9848
9.84516 1.98605
9.84932 1.9873
9.85348 1.98855
9.85764 1.9898
9.86180 1.99105
9.86596 1.9923
9.87012 1.9936
9.87428 1.99485
9.87844 1.9961
9.88260 1.99735
9.88676 1.9986
10.05732 0.1
10.09233 0.8
10.09649 1.06667
10.12734 1
10.13150 1.2
10.13566 1.4
10.13982 1.6
10.16235 2.4
10.16651 2.66667
10.17067 2.93333
10.17483 3.2
10.17899 3.46667
10.18315 3.73333
10.18731 4
10.19147 4.26667
10.19736 3.4
10.20152 3.6
10.20568 3.8
10.20984 3.8106
10.21400 3.821
10.21816 3.8314
10.22232 3.842
10.22648 3.8524
10.23064 3.8628
10.23480 3.873
10.23896 3.8834
10.24312 3.8938
10.24728 3.904
10.25144 3.9142
10.25560 3.9244
10.25976 3.9346
10.26392 2.62987
10.26808 2.63667
10.27224 2.64333
10.27640 2.65013
10.28056 2.6568
10.28472 2.66347
10.28888 2.67013
10.29304 2.6768
10.29720 2.68347
10.30136 2.69013
10.30552 2.69667
10.30968 2.70333
10.31384 2.70987
10.31800 2.7164
10.32216 2.72293
10.32632 2.72947
10.33048 2.736
10.33464 2.74253
10.33880 2.74907
10.34296 2.0666
10.34712 2.0714
10.35128 2.0763
10.35544 2.0811
10.35960 2.0859
10.36376 2.0907
10.36792 2.0955
10.37208 2.1002
10.37624 2.105
10.38040 2.1098
10.38456 2.1145
10.38872 2.1192
10.39288 2.1239
10.39704 2.1286
10.40120 2.1333
10.40536 2.138
10.40952 2.1427
10.41368 2.1474
10.41784 2.152
10.42200 2.1567
10.42616 1.92116
10.43032 1.92524
10.43448 1.92942
10.43864 1.93351
10.44280 1.9376
10.44696 1.94169
10.45112 1.94569
10.45528 1.94978
10.45944 1.95387
10.46360 1.95787
10.46776 1.96187
10.47192 1.96596
10.47608 1.96996
10.48024 1.97396
10.48440 1.97796
10.48856 1.98196
10.49272 1.98596
10.49688 1.98996
10.50104 1.99387
10.50520 1.99787
10.50936 2.00178
10.51352 2.2565
10.51768 2.2609
10.52184 2.2653
10.52600 2.2698
10.53016 2.2742
10.53432 2.2786
10.53848 2.2829
10.54264 2.2873
10.54680 2.2917
10.55096 2.2961
10.55512 2.3004
10.55928 2.3048
10.56344 2.3091
10.56760 2.3134
10.57176 2.3178
10.57592 2.3221
10.58008 2.3264
10.58424 2.3307
10.58840 2.335
10.59256 2.3392
10.59672 2.3435
10.60088 2.3478
10.60504 1.8816
10.60920 1.88504
10.61336 1.8884
10.61752 1.89184
10.62168 1.8952
10.62584 1.89856
10.63000 1.90192
10.63416 1.90536
10.63832 1.90864
10.64248 1.912
10.64664 1.91536
10.65080 1.91872
10.65496 1.92208
10.65912 1.92536
10.66328 1.92872
10.66744 1.932
10.67160 1.93536
10.67576 1.93864
10.67992 1.94192
10.68408 1.94528
10.68824 1.94856
10.69240 1.95184
10.69656 1.95512
10.70072 2.176
10.70488 2.17964
10.70904 2.1832
10.71320 2.18684
10.71736 2.19049
10.72152 2.19404
10.72568 2.19769
10.72984 2.20124
10.73400 2.20489
10.73816 2.20844
10.74232 2.212
10.74648 2.21556
10.75064 2.21911
10.75480 2.22267
10.75896 2.22622
10.76312 2.22978
10.76728 2.23333
10.77144 2.23689
10.77560 2.24044
10.77976 2.24391
10.78392 2.24747
10.78808 2.25102
10.79224 2.25449
10.79640 2.25804
10.80056 2.03536
10.80472 2.03848
10.80888 2.0416
10.81304 2.0448
10.81720 2.04792
10.82136 2.05104
10.82552 2.05416
10.82968 2.05728
10.83384 2.0604
10.83800 2.06352
10.84216 2.06656
10.84632 2.06968
10.85048 2.0728
10.85464 2.07584
10.85880 2.07896
10.86296 2.082
10.86712 2.08512
10.87128 2.08816
10.87544 2.0912
10.87960 2.09432
10.88376 2.09736
10.88792 2.1004
10.89208 2.10344
10.89624 2.10648
10.90040 2.10952
10.90456 1.92051
10.90872 1.92327
10.91288 1.92604
10.91704 1.92873
10.92120 1.93149
10.92536 1.93425
10.92952 1.93695
10.93368 1.93971
10.93784 1.9424
10.94200 1.94516
10.94616 1.94785
10.95032 1.95062
10.95448 1.95331
10.95864 1.956
10.96280 1.95869
10.96696 1.96138
10.97112 1.96415
10.97528 1.96684
10.97944 1.96953
10.98360 1.97215
10.98776 1.97484
10.99192 1.97753
10.99608 1.98022
11.00024 1.98291
11.00440 1.98553
11.00856 1.98822
11.01272 2.19
11.01688 2.19288
11.02104 2.19584
11.02520 2.19872
11.02936 2.2016
11.03352 2.20456
11.03768 2.20744
11.04184 2.21032
11.04600 2.2132
11.05016 2.21616
11.05432 2.21904
11.05848 2.22192
11.06264 2.2248
11.06680 2.22768
11.07096 2.23056
11.07512 2.23336
11.07928 2.23624
11.08344 2.23912
11.08760 2.242
11.09176 2.2448
11.09592 2.24768
11.10008 2.25056
11.10424 2.25336
11.10840 2.25624
11.11256 2.25904
11.11672 2.26192
11.12088 2.26472
11.12504 1.8896
11.12920 1.892
11.13336 1.89433
11.13752 1.89667
11.14168 1.899
11.14584 1.90133
11.15000 1.90367
11.15416 1.906
11.15832 1.90833
11.16248 1.91067
11.16664 1.913
11.17080 1.91533
11.17496 1.91767
11.17912 1.92
11.18328 1.92227
11.18744 1.9246
11.19160 1.92693
11.19576 1.9292
11.19992 1.93153
11.20408 1.9338
11.20824 1.93613
11.21240 1.9384
11.21656 1.94073
11.22072 1.943
11.22488 1.94527
11.22904 1.9476
11.23320 1.94987
11.23736 1.95213
11.24152 2.13207
11.24568 2.13455
11.24984 2.13702
11.25400 2.13949
11.25816 2.14196
11.26232 2.14444
11.26648 2.14691
11.27064 2.14938
11.27480 2.15185
11.27896 2.15433
11.28312 2.15673
11.28728 2.1592
11.29144 2.16167
11.29560 2.16407
11.29976 2.16655
11.30392 2.16902
11.30808 2.17142
11.31224 2.17389
11.31640 2.17629
11.32056 2.17876
11.32472 2.18116
11.32888 2.18356
11.33304 2.18604
11.33720 2.18844
11.34136 2.19084
11.34552 2.19324
11.34968 2.19564
11.35384 2.19811
11.35800 2.20051
11.36216 2.01933
11.36632 2.02153
11.37048 2.02373
11.37464 2.02593
11.37880 2.02813
11.38296 2.03027
11.38712 2.03247
11.39128 2.03467
11.39544 2.03687
11.39960 2.03907
11.40376 2.0412
11.40792 2.0434
11.41208 2.0456
11.41624 2.04773
11.42040 2.04993
11.42456 2.05207
11.42872 2.05427
11.43288 2.0564
11.43704 2.0586
11.44120 2.06073
11.44536 2.06287
11.44952 2.06507
11.45368 2.0672
11.45784 2.06933
11.46200 2.07147
11.46616 2.07367
11.47032 2.0758
11.47448 2.07793
11.47864 2.08007
11.48280 2.0822
11.48696 1.924
11.49112 1.92597
11.49528 1.92794
11.49944 1.92991
11.50360 1.93188
11.50776 1.93385
11.51192 1.93575
11.51608 1.93772
11.52024 1.93969
11.52440 1.94166
11.52856 1.94357
11.53272 1.94554
11.53688 1.94751
11.54104 1.94942
11.54520 1.95138
11.54936 1.95329
11.55352 1.95526
11.55768 1.95717
11.56184 1.95914
11.56600 1.96105
11.57016 1.96302
11.57432 1.96492
11.57848 1.96683
11.58264 1.9688
11.58680 1.97071
11.59096 1.97262
11.59512 1.97452
11.59928 1.97643
11.60344 1.9784
11.60760 1.98031
11.61176 1.98222
11.61592 1.98412
11.62008 1.98603
11.62424 1.98794
11.62840 1.98985
11.63256 1.99175
11.63672 1.99366
11.64088 1.99551
11.64504 1.99742
11.64920 1.99932
11.65336 2.00123
11.65752 2.00314
11.66168 2.00498
11.66584 2.00689
11.67000 2.0088
11.67416 2.01065
11.67832 2.01255
11.68248 2.0144
11.68664 2.01631
11.69080 2.01822
11.69496 2.02006
11.69912 2.02191
11.70328 2.02382
11.70744 2.02566
11.71160 2.02757
11.71576 2.02942
11.71992 2.03126
11.72408 2.03317
11.72824 2.03502
11.73240 2.03686
11.73656 2.03871
11.74072 2.04062
11.74488 2.04246
11.74904 2.04431
11.75320 2.04615
11.75736 2.048
11.76152 2.04985
11.76568 2.05169
11.76984 2.05354
11.77400 2.05538
11.77816 2.05723
11.78232 2.05908
11.78648 2.06092
11.79064 2.06277
11.79480 2.06462
11.79896 2.0664
11.80312 2.06825
11.80728 2.07009
11.81144 2.07194
11.81560 2.07372
11.81976 2.07557
11.82392 2.07742
11.82808 2.0792
11.83224 2.08105
11.83640 2.08283
11.84056 2.08468
11.84472 2.08646
11.84888 2.08831
11.85304 2.09009
11.85720 2.09194
11.86136 2.09372
11.86552 2.09557
11.86968 2.09735
11.87384 2.09914
11.87800 2.10098
11.88216 2.10277
11.88632 1.95423
11.89048 1.95589
11.89464 1.9576
11.89880 1.95926
11.90296 1.96091
11.90712 1.96257
11.91128 1.96423
11.91544 1.96589
11.91960 1.96754
11.92376 1.96926
11.92792 1.97091
11.93208 1.97257
11.93624 1.97417
11.94040 1.97583
11.94456 1.97749
11.94872 1.97914
11.95288 1.9808
11.95704 1.98246
11.96120 1.98411
11.96536 1.98577
11.96952 1.98737
11.97368 1.98903
11.97784 1.99069
11.98200 1.99234
11.98616 1.99394
11.99032 1.9956
11.99448 1.99726
11.99864 1.99886
12.00280 2.00051
12.00696 2.00211
12.01112 2.00377
12.01528 2.00537
12.01944 2.00703
12.02360 2.00863
12.02776 2.01029
12.03192 2.01189
12.03608 2.01354
12.04024 2.01514
12.04440 2.01674
12.04856 2.0184
12.05272 2.02
12.05688 2.0216
12.06104 2.02326
12.06520 2.02486
12.06936 2.02646
12.07352 2.02806
12.07768 2.02966
12.08184 2.03131
12.08600 2.03291
12.09016 2.03451
12.09432 2.03611
12.09848 2.03771
12.10264 2.03931
12.10680 2.04091
12.11096 2.04251
12.11512 2.04411
12.11928 2.04571
12.12344 2.04731
12.12760 2.04891
12.13176 2.05051
12.13592 2.05211
12.14008 2.05366
12.14424 2.05526
12.14840 2.05686
12.15256 2.05846
12.15672 2.06006
12.16088 2.0616
12.16504 2.0632
12.16920 2.0648
12.17336 2.06634
12.17752 2.06794
12.18168 2.06954
12.18584 2.07109
12.19000 2.07269
12.19416 2.07423
12.19832 2.07583
12.20248 2.07737
12.20664 2.07897
12.21080 2.08051
12.21496 2.08211
12.21912 2.08366
12.22328 2.08526
12.22744 2.0868
12.23160 2.0884
12.23576 2.08994
12.23992 2.09149
12.24408 2.09309
12.24824 2.09463
12.25240 2.09617
12.25656 2.09771
12.26072 2.09931
12.26488 2.10086
12.26904 2.1024
12.27320 2.10394
12.27736 2.10549
12.28152 2.10709
12.28568 2.10863
12.28984 2.11017
12.29400 2.11171
12.29816 2.11326
12.30232 2.1148
12.30648 2.11634
12.31064 2.11789
12.31480 2.11943
12.31896 2.12097
12.32312 1.98101
12.32728 1.98245
12.33144 1.98389
12.33560 1.98533
12.33976 1.98672
12.34392 1.98816
12.34808 1.9896
12.35224 1.99104
12.35640 1.99248
12.36056 1.99392
12.36472 1.99531
12.36888 1.99675
12.37304 1.99819
12.37720 1.99957
12.38136 2.00101
12.38552 2.00245
12.38968 2.00384
12.39384 2.00528
12.39800 2.00672
12.40216 2.00811
12.40632 2.00955
12.41048 2.01093
12.41464 2.01237
12.41880 2.01376
12.42296 2.0152
12.42712 2.01659
12.43128 2.01803
12.43544 2.01941
12.43960 2.02085
12.44376 2.02224
12.44792 2.02363
12.45208 2.02507
12.45624 2.02645
12.46040 2.02784
12.46456 2.02928
12.46872 2.03067
12.47288 2.03205
12.47704 1.90635
12.48120 1.9077
12.48536 1.909
12.48952 1.9103
12.49368 1.9116
12.49784 1.9129
12.50200 1.9142
12.50616 1.91555
12.51032 1.91685
12.51448 1.91815
12.51864 1.91945
12.52280 1.92075
12.52696 1.92205
12.53112 1.92335
12.53528 1.92465
12.53944 1.92595
12.54360 1.92725
12.54776 1.92855
12.55192 1.92985
12.55608 1.93115
12.56024 1.93245
12.56440 1.9337
12.56856 1.935
12.57272 1.9363
12.57688 1.9376
12.58104 1.9389
12.58520 1.9402
12.58936 1.94145
12.59352 1.94275
12.59768 1.94405
12.60184 1.94535
12.60600 1.9466
12.61016 1.9479
12.61432 1.9492
12.61848 1.95045
12.62264 1.95175
12.62680 1.953
12.63096 1.9543
12.63512 1.9556
12.63928 1.95685
12.64344 1.95815
12.64760 1.9594
12.65176 1.9607
12.65592 1.96195
12.66008 1.96325
12.66424 1.9645
12.66840 1.9658
12.67256 1.96705
12.67672 1.96835
12.68088 1.9696
12.68504 1.97085
12.68920 1.97215
12.69336 1.9734
12.69752 1.97465
12.70168 1.97595
12.70584 1.9772
12.71000 1.97845
12.71416 1.97975
12.71832 1.981
12.72248 1.98225
12.72664 1.9835
12.73080 1.9848
12.73496 1.98605
12.73912 1.9873
12.74328 1.98855
12.74744 1.9898
12.75160 1.99105
12.75576 1.9923
12.75992 1.9936
12.76408 1.99485
12.76824 1.9961
12.77240 1.99735
12.77656 1.9986
12.94712 0.1
12.98213 0.8
12.98629 1.06667
13.01714 1
13.02130 1.2
13.02546 1.4
13.02962 1.6
13.05215 2.4
13.05631 2.66667
13.06047 2.93333
13.06463 3.2
13.06879 3.46667
13.07295 3.73333
13.07711 4
13.08127 4.26667
13.08716 3.4
13.09132 3.6
13.09548 3.8
13.09964 3.8106
13.10380 3.821
13.10796 3.8314
13.11212 3.842
13.11628 3.8524
13.12044 3.8628
13.12460 3.873
13.12876 3.8834
13.13292 3.8938
13.13708 3.904
13.14124 3.9142
13.14540 3.9244
13.14956 3.9346
13.15372 2.62987
13.15788 2.63667
13.16204 2.64333
13.16620 2.65013
13.17036 2.6568
13.17452 2.66347
13.17868 2.67013
13.18284 2.6768
13.18700 2.68347
13.19116 2.69013
13.19532 2.69667
13.19948 2.70333
13.20364 2.70987
13.20780 2.7164
13.21196 2.72293
13.21612 2.72947
13.22028 2.736
13.22444 2.74253
13.22860 2.74907
13.23276 2.0666
13.23692 2.0714
13.24108 2.0763
13.24524 2.0811
13.24940 2.0859
13.25356 2.0907
13.25772 2.0955
13.26188 2.1002
13.26604 2.105
13.27020 2.1098
13.27436 2.1145
13.27852 2.1192
13.28268 2.1239
13.28684 2.1286
13.29100 2.1333
13.29516 2.138
13.29932 2.1427
13.30348 2.1474
13.30764 2.152
13.31180 2.1567
13.31596 1.92116
13.32012 1.92524
13.32428 1.92942
13.32844 1.93351
13.33260 1.9376
13.33676 1.94169
13.34092 1.94569
13.34508 1.94978
13.34924 1.95387
13.35340 1.95787
13.35756 1.96187
13.36172 1.96596
13.36588 1.96996
13.37004 1.97396
13.37420 1.97796
13.37836 1.98196
13.38252 1.98596
13.38668 1.98996
13.39084 1.99387
13.39500 1.99787
13.39916 2.00178
13.40332 2.2565
13.40748 2.2609
13.41164 2.2653
13.41580 2.2698
13.41996 2.2742
13.42412 2.2786
13.42828 2.2829
13.43244 2.2873
13.43660 2.2917
13.44076 2.2961
13.44492 2.3004
13.44908 2.3048
13.45324 2.3091
13.45740 2.3134
13.46156 2.3178
13.46572 2.3221
13.46988 2.3264
13.47404 2.3307
13.47820 2.335
13.48236 2.3392
13.48652 2.3435
13.49068 2.3478
13.49484 1.8816
13.49900 1.88504
13.50316 1.8884
13.50732 1.89184
13.51148 1.8952
13.51564 1.89856
13.51980 1.90192
13.52396 1.90536
13.52812 1.90864
13.53228 1.912
13.53644 1.91536
13.54060 1.91872
13.54476 1.92208
13.54892 1.92536
13.55308 1.92872
13.55724 1.932
13.56140 1.93536
13.56556 1.93864
13.56972 1.94192
13.57388 1.94528
13.57804 1.94856
13.58220 1.95184
13.58636 1.95512
13.59052 2.176
13.59468 2.17964
13.59884 2.1832
13.60300 2.18684
13.60716 2.19049
13.61132 2.19404
13.61548 2.19769
13.61964 2.20124
13.62380 2.20489
13.62796 2.20844
13.63212 2.212
13.63628 2.21556
13.64044 2.21911
13.64460 2.22267
13.64876 2.22622
13.65292 2.22978
13.65708 2.23333
13.66124 2.23689
13.66540 2.24044
13.66956 2.24391
13.67372 2.24747
13.67788 2.25102
13.68204 2.25449
13.68620 2.25804
13.69036 2.03536
13.69452 2.03848
13.69868 2.0416
13.70284 2.0448
13.70700 2.04792
13.71116 2.05104
13.71532 2.05416
13.71948 2.05728
13.72364 2.0604
13.72780 2.06352
13.73196 2.06656
13.73612 2.06968
13.74028 2.0728
13.74444 2.07584
13.74860 2.07896
13.75276 2.082
13.75692 2.08512
13.76108 2.08816
13.76524 2.0912
13.76940 2.09432
13.77356 2.09736
13.77772 2.1004
13.78188 2.10344
13.78604 2.10648
13.79020 2.10952
13.79436 2.11256
13.79852 2.1156
13.80268 2.11864
13.80684 2.1216
13.81100 2.12464
13.81516 2.12768
13.81932 2.13064
13.82348 2.13368
13.82764 2.13664
13.83180 2.13968
13.83596 2.14264
13.84012 2.14568
13.84428 2.14864
13.84844 2.1516
13.85260 2.15456
13.85676 2.15752
13.86092 2.16056
13.86508 2.16352
13.86924 2.16648
13.87340 2.16936
13.87756 2.17232
13.88172 2.17528
13.88588 2.17824
13.89004 2.1812
13.89420 2.18408
13.89836 2.18704
13.90252 1.99091
13.90668 1.99353
13.91084 1.99622
13.91500 1.99884
13.91916 2.00145
13.92332 2.00415
13.92748 2.00676
13.93164 2.00938
13.93580 2.012
13.93996 2.01469
13.94412 2.01731
13.94828 2.01993
13.95244 2.02255
13.95660 2.02516
13.96076 2.02778
13.96492 2.03033
13.96908 2.03295
13.97324 2.03556
13.97740 2.03818
13.98156 2.04073
13.98572 2.04335
13.98988 2.04596
13.99404 2.04851
13.99820 2.05113
14.00236 2.05367
14.00652 2.05629
14.01068 2.05884
14.01484 1.8896
14.01900 1.892
14.02316 1.89433
14.02732 1.89667
14.03148 1.899
14.03564 1.90133
14.03980 1.90367
14.04396 1.906
14.04812 1.90833
14.05228 1.91067
14.05644 1.913
14.06060 1.91533
14.06476 1.91767
14.06892 1.92
14.07308 1.92227
14.07724 1.9246
14.08140 1.92693
14.08556 1.9292
14.08972 1.93153
14.09388 1.9338
14.09804 1.93613
14.10220 1.9384
14.10636 1.94073
14.11052 1.943
14.11468 1.94527
14.11884 1.9476
14.12300 1.94987
14.12716 1.95213
14.13132 2.13207
14.13548 2.13455
14.13964 2.13702
14.14380 2.13949
14.14796 2.14196
14.15212 2.14444
14.15628 2.14691
14.16044 2.14938
14.16460 2.15185
14.16876 2.15433
14.17292 2.15673
14.17708 2.1592
14.18124 2.16167
14.18540 2.16407
14.18956 2.16655
14.19372 2.16902
14.19788 2.17142
14.20204 2.17389
14.20620 2.17629
14.21036 2.17876
14.21452 2.18116
14.21868 2.18356
14.22284 2.18604
14.22700 2.18844
14.23116 2.19084
14.23532 2.19324
14.23948 2.19564
14.24364 2.19811
14.24780 2.20051
14.25196 2.01933
14.25612 2.02153
14.26028 2.02373
14.26444 2.02593
14.26860 2.02813
14.27276 2.03027
14.27692 2.03247
14.28108 2.03467
14.28524 2.03687
14.28940 2.03907
14.29356 2.0412
14.29772 2.0434
14.30188 2.0456
14.30604 2.04773
14.31020 2.04993
14.31436 2.05207
14.31852 2.05427
14.32268 2.0564
14.32684 2.0586
14.33100 2.06073
14.33516 2.06287
14.33932 2.06507
14.34348 2.0672
14.34764 2.06933
14.35180 2.07147
14.35596 2.07367
14.36012 2.0758
14.36428 2.07793
14.36844 2.08007
14.37260 2.0822
14.37676 1.924
14.38092 1.92597
14.38508 1.92794
14.38924 1.92991
14.39340 1.93188
14.39756 1.93385
14.40172 1.93575
14.40588 1.93772
14.41004 1.93969
14.41420 1.94166
14.41836 1.94357
14.42252 1.94554
14.42668 1.94751
14.43084 1.94942
14.43500 1.95138
14.43916 1.95329
14.44332 1.95526
14.44748 1.95717
14.45164 1.95914
14.45580 1.96105
14.45996 1.96302
14.46412 1.96492
14.46828 1.96683
14.47244 1.9688
14.47660 1.97071
14.48076 1.97262
14.48492 1.97452
14.48908 1.97643
14.49324 1.9784
14.49740 1.98031
14.50156 1.98222
14.50572 1.98412
14.50988 1.98603
14.51404 1.98794
14.51820 1.98985
14.52236 1.99175
14.52652 1.99366
14.53068 1.99551
14.53484 1.99742
14.53900 1.99932
14.54316 2.00123
14.54732 2.00314
14.55148 2.00498
14.55564 2.00689
14.55980 2.0088
14.56396 2.01065
14.56812 2.01255
14.57228 2.0144
14.57644 2.01631
14.58060 2.01822
14.58476 2.02006
14.58892 2.02191
14.59308 2.02382
14.59724 2.02566
14.60140 2.02757
14.60556 2.02942
14.60972 2.03126
14.61388 2.03317
14.61804 2.03502
14.62220 2.03686
14.62636 2.03871
14.63052 2.04062
14.63468 2.04246
14.63884 2.04431
14.64300 2.04615
14.64716 2.048
14.65132 2.04985
14.65548 2.05169
14.65964 2.05354
14.66380 2.05538
14.66796 2.05723
14.67212 2.05908
14.67628 2.06092
14.68044 2.06277
14.68460 2.06462
14.68876 2.0664
14.69292 2.06825
14.69708 2.07009
14.70124 2.07194
14.70540 2.07372
14.70956 2.07557
14.71372 2.07742
14.71788 2.0792
14.72204 2.08105
14.72620 2.08283
14.73036 2.08468
14.73452 2.08646
14.73868 2.08831
14.74284 2.09009
14.74700 2.09194
14.75116 2.09372
14.75532 2.09557
14.75948 2.09735
14.76364 2.09914
14.76780 2.10098
14.77196 2.10277
14.77612 1.95423
14.78028 1.95589
14.78444 1.9576
14.78860 1.95926
14.79276 1.96091
14.79692 1.96257
14.80108 1.96423
14.80524 1.96589
14.80940 1.96754
14.81356 1.96926
14.81772 1.97091
14.82188 1.97257
14.82604 1.97417
14.83020 1.97583
14.83436 1.97749
14.83852 1.97914
14.84268 1.9808
14.84684 1.98246
14.85100 1.98411
14.85516 1.98577
14.85932 1.98737
14.86348 1.98903
14.86764 1.99069
14.87180 1.99234
14.87596 1.99394
14.88012 1.9956
14.88428 1.99726
14.88844 1.99886
14.89260 2.00051
14.89676 2.00211
14.90092 2.00377
14.90508 2.00537
14.90924 2.00703
14.91340 2.00863
14.91756 2.01029
14.92172 2.01189
14.92588 2.01354
14.93004 2.01514
14.93420 2.01674
14.93836 2.0184
14.94252 2.02
14.94668 2.0216
14.95084 2.02326
14.95500 2.02486
14.95916 2.02646
14.96332 2.02806
14.96748 2.02966
14.97164 2.03131
14.97580 2.03291
14.97996 2.03451
14.98412 2.03611
14.98828 2.03771
14.99244 2.03931
14.99660 2.04091
15.00076 2.04251
15.00492 2.04411
15.00908 2.04571
15.01324 2.04731
15.01740 2.04891
15.02156 2.05051
15.02572 2.05211
15.02988 2.05366
15.03404 2.05526
15.03820 2.05686
15.04236 2.05846
15.04652 2.06006
15.05068 2.0616
15.05484 2.0632
15.05900 2.0648
15.06316 2.06634
15.06732 2.06794
15.07148 2.06954
15.07564 2.07109
15.07980 2.07269
15.08396 2.07423
15.08812 2.07583
15.09228 2.07737
15.09644 2.07897
15.10060 2.08051
15.10476 2.08211
15.10892 2.08366
15.11308 2.08526
15.11724 2.0868
15.12140 2.0884
15.12556 2.08994
15.12972 2.09149
15.13388 2.09309
15.13804 2.09463
15.14220 2.09617
15.14636 2.09771
15.15052 2.09931
15.15468 2.10086
15.15884 2.1024
15.16300 2.10394
15.16716 2.10549
15.17132 2.10709
15.17548 2.10863
15.17964 2.11017
15.18380 2.11171
15.18796 2.11326
15.19212 2.1148
15.19628 2.11634
15.20044 2.11789
15.20460 2.11943
15.20876 2.12097
15.21292 1.98101
15.21708 1.98245
15.22124 1.98389
15.22540 1.98533
15.22956 1.98672
15.23372 1.98816
15.23788 1.9896
15.24204 1.99104
15.24620 1.99248
15.25036 1.99392
15.25452 1.99531
15.25868 1.99675
15.26284 1.99819
15.26700 1.99957
15.27116 2.00101
15.27532 2.00245
15.27948 2.00384
15.28364 2.00528
15.28780 2.00672
15.29196 2.00811
15.29612 2.00955
15.30028 2.01093
15.30444 2.01237
15.30860 2.01376
15.31276 2.0152
15.31692 2.01659
15.32108 2.01803
15.32524 2.01941
15.32940 2.02085
15.33356 2.02224
15.33772 2.02363
15.34188 2.02507
15.34604 2.02645
15.35020 2.02784
15.35436 2.02928
15.35852 2.03067
15.36268 2.03205
15.36684 1.90635
15.37100 1.9077
15.37516 1.909
15.37932 1.9103
15.38348 1.9116
15.38764 1.9129
15.39180 1.9142
15.39596 1.91555
15.40012 1.91685
15.40428 1.91815
15.40844 1.91945
15.41260 1.92075
15.41676 1.92205
15.42092 1.92335
15.42508 1.92465
15.42924 1.92595
15.43340 1.92725
15.43756 1.92855
15.44172 1.92985
15.44588 1.93115
15.45004 1.93245
15.45420 1.9337
15.45836 1.935
15.46252 1.9363
15.46668 1.9376
15.47084 1.9389
15.47500 1.9402
15.47916 1.94145
15.48332 1.94275
15.48748 1.94405
15.49164 1.94535
15.49580 1.9466
15.49996 1.9479
15.50412 1.9492
15.50828 1.95045
15.51244 1.95175
15.51660 1.953
15.52076 1.9543
15.52492 1.9556
15.52908 1.95685
15.53324 1.95815
15.53740 1.9594
15.54156 1.9607
15.54572 1.96195
15.54988 1.96325
15.55404 1.9645
15.55820 1.9658
15.56236 1.96705
15.56652 1.96835
15.57068 1.9696
15.57484 1.97085
15.57900 1.97215
15.58316 1.9734
15.58732 1.97465
15.59148 1.97595
15.59564 1.9772
15.59980 1.97845
15.60396 1.97975
15.60812 1.981
15.61228 1.98225
15.61644 1.9835
15.62060 1.9848
15.62476 1.98605
15.62892 1.9873
15.63308 1.98855
15.63724 1.9898
15.64140 1.99105
15.64556 1.9923
15.64972 1.9936
15.65388 1.99485
15.65804 1.9961
15.66220 1.99735
15.66636 1.9986
15.83692 0.1
15.87194 0.8
15.87610 1.06667
15.90695 1
15.91111 1.2
15.91527 1.4
15.91943 1.6
15.94196 2.4
15.94612 2.66667
15.95028 2.93333
15.95444 3.2
15.95860 3.46667
15.96276 3.73333
15.96692 4
15.97108 4.26667
15.97697 3.4
15.98113 3.6
15.98529 3.8
15.98945 3.8106
15.99361 3.821
15.99777 3.8314
16.00193 3.842
16.00609 3.8524
16.01025 3.8628
16.01441 3.873
16.01857 3.8834
16.02273 3.8938
16.02689 3.904
16.03105 3.9142
16.03521 3.9244
16.03937 3.9346
16.04353 2.62987
16.04769 2.63667
16.05185 2.64333
16.05601 2.65013
16.06017 2.6568
16.06433 2.66347
16.06849 2.67013
16.07265 2.6768
16.07681 2.68347
16.08097 2.69013
16.08513 2.69667
16.08929 2.70333
16.09345 2.70987
16.09761 2.7164
16.10177 2.72293
16.10593 2.72947
16.11009 2.736
16.11425 2.74253
16.11841 2.74907
16.12257 2.0666
16.12673 2.0714
16.13089 2.0763
16.13505 2.0811
16.13921 2.0859
16.14337 2.0907
16.14753 2.0955
16.15169 2.1002
16.15585 2.105
16.16001 2.1098
16.16417 2.1145
16.16833 2.1192
16.17249 2.1239
16.17665 2.1286
16.18081 2.1333
16.18497 2.138
16.18913 2.1427
16.19329 2.1474
16.19745 2.152
16.20161 2.1567
16.20577 1.92116
16.20993 1.92524
16.21409 1.92942
16.21825 1.93351
16.22241 1.9376
16.22657 1.94169
16.23073 1.94569
16.23489 1.94978
16.23905 1.95387
16.24321 1.95787
16.24737 1.96187
16.25153 1.96596
16.25569 1.96996
16.25985 1.97396
16.26401 1.97796
16.26817 1.98196
16.27233 1.98596
16.27649 1.98996
16.28065 1.99387
16.28481 1.99787
16.28897 2.00178
16.29313 2.2565
16.29729 2.2609
16.30145 2.2653
16.30561 2.2698
16.30977 2.2742
16.31393 2.2786
16.31809 2.2829
16.32225 2.2873
16.32641 2.2917
16.33057 2.2961
16.33473 2.3004
16.33889 2.3048
16.34305 2.3091
16.34721 2.3134
16.35137 2.3178
16.35553 2.3221
16.35969 2.3264
16.36385 2.3307
16.36801 2.335
16.37217 2.3392
16.37633 2.3435
16.38049 2.3478
16.38465 1.8816
16.38881 1.88504
16.39297 1.8884
16.39713 1.89184
16.40129 1.8952
16.40545 1.89856
16.40961 1.90192
16.41377 1.90536
16.41793 1.90864
16.42209 1.912
16.42625 1.91536
16.43041 1.91872
16.43457 1.92208
16.43873 1.92536
16.44289 1.92872
16.44705 1.932
16.45121 1.93536
16.45537 1.93864
16.45953 1.94192
16.46369 1.94528
16.46785 1.94856
16.47201 1.95184
16.47617 1.95512
16.48033 2.176
16.48449 2.17964
16.48865 2.1832
16.49281 2.18684
16.49697 2.19049
16.50113 2.19404
16.50529 2.19769
16.50945 2.20124
16.51361 2.20489
16.51777 2.20844
16.52193 2.212
16.52609 2.21556
16.53025 2.21911
16.53441 2.22267
16.53857 2.22622
16.54273 2.22978
16.54689 2.23333
16.55105 2.23689
16.55521 2.24044
16.55937 2.24391
16.56353 2.24747
16.56769 2.25102
16.57185 2.25449
16.57601 2.25804
16.58017 2.03536
16.58433 2.03848
16.58849 2.0416
16.59265 2.0448
16.59681 2.04792
16.60097 2.05104
16.60513 2.05416
16.60929 2.05728
16.61345 2.0604
16.61761 2.06352
16.62177 2.06656
16.62593 2.06968
16.63009 2.0728
16.63425 2.07584
16.63841 2.07896
16.64257 2.082
16.64673 2.08512
16.65089 2.08816
16.65505 2.0912
16.65921 2.09432
16.66337 2.09736
16.66753 2.1004
16.67169 2.10344
16.67585 2.10648
16.68001 2.10952
16.68417 2.11256
16.68833 2.1156
16.69249 2.11864
16.69665 2.1216
16.70081 2.12464
16.70497 2.12768
16.70913 2.13064
16.71329 2.13368
16.71745 2.13664
16.72161 2.13968
16.72577 2.14264
16.72993 2.14568
16.73409 2.14864
16.73825 2.1516
16.74241 2.15456
16.74657 2.15752
16.75073 2.16056
16.75489 2.16352
16.75905 2.16648
16.76321 2.16936
16.76737 2.17232
16.77153 2.17528
16.77569 2.17824
16.77985 2.1812
16.78401 2.18408
16.78817 2.18704
16.79233 1.99091
16.79649 1.99353
16.80065 1.99622
16.80481 1.99884
16.80897 2.00145
16.81313 2.00415
16.81729 2.00676
16.82145 2.00938
16.82561 2.012
16.82977 2.01469
16.83393 2.01731
16.83809 2.01993
16.84225 2.02255
16.84641 2.02516
16.85057 2.02778
16.85473 2.03033
16.85889 2.03295
16.86305 2.03556
16.86721 2.03818
16.87137 2.04073
16.87553 2.04335
16.87969 2.04596
16.88385 2.04851
16.88801 2.05113
16.89217 2.05367
16.89633 2.05629
16.90049 2.05884
16.90465 1.8896
16.90881 1.892
16.91297 1.89433
16.91713 1.89667
16.92129 1.899
16.92545 1.90133
16.92961 1.90367
16.93377 1.906
16.93793 1.90833
16.94209 1.91067
16.94625 1.913
16.95041 1.91533
16.95457 1.91767
16.95873 1.92
16.96289 1.92227
16.96705 1.9246
16.97121 1.92693
16.97537 1.9292
16.97953 1.93153
16.98369 1.9338
16.98785 1.93613
16.99201 1.9384
16.99617 1.94073
17.00033 1.943
17.00449 1.94527
17.00865 1.9476
17.01281 1.94987
17.01697 1.95213
17.02113 2.13207
17.02529 2.13455
17.02945 2.13702
17.03361 2.13949
17.03777 2.14196
17.04193 2.14444
17.04609 2.14691
17.05025 2.14938
17.05441 2.15185
17.05857 2.15433
17.06273 2.15673
17.06689 2.1592
17.07105 2.16167
17.07521 2.16407
17.07937 2.16655
17.08353 2.16902
17.08769 2.17142
17.09185 2.17389
17.09601 2.17629
17.10017 2.17876
17.10433 2.18116
17.10849 2.18356
17.11265 2.18604
17.11681 2.18844
17.12097 2.19084
17.12513 2.19324
17.12929 2.19564
17.13345 2.19811
17.13761 2.20051
17.14177 2.01933
17.14593 2.02153
17.15009 2.02373
17.15425 2.02593
17.15841 2.02813
17.16257 2.03027
17.16673 2.03247
17.17089 2.03467
17.17505 2.03687
17.17921 2.03907
17.18337 2.0412
17.18753 2.0434
17.19169 2.0456
17.19585 2.04773
17.20001 2.04993
17.20417 2.05207
17.20833 2.05427
17.21249 2.0564
17.21665 2.0586
17.22081 2.06073
17.22497 2.06287
17.22913 2.06507
17.23329 2.0672
17.23745 2.06933
17.24161 2.07147
17.24577 2.07367
17.24993 2.0758
17.25409 2.07793
17.25825 2.08007
17.26241 2.0822
17.26657 1.924
17.27073 1.92597
17.27489 1.92794
17.27905 1.92991
17.28321 1.93188
17.28737 1.93385
17.29153 1.93575
17.29569 1.93772
17.29985 1.93969
17.30401 1.94166
17.30817 1.94357
17.31233 1.94554
17.31649 1.94751
17.32065 1.94942
17.32481 1.95138
17.32897 1.95329
17.33313 1.95526
17.33729 1.95717
17.34145 1.95914
17.34561 1.96105
17.34977 1.96302
17.35393 1.96492
17.35809 1.96683
17.36225 1.9688
17.36641 1.97071
17.37057 1.97262
17.37473 1.97452
17.37889 1.97643
17.38305 1.9784
17.38721 1.98031
17.39137 1.98222
17.39553 1.98412
17.39969 1.98603
17.40385 1.98794
17.40801 1.98985
17.41217 1.99175
17.41633 1.99366
17.42049 1.99551
17.42465 1.99742
17.42881 1.99932
17.43297 2.00123
17.43713 2.00314
17.44129 2.00498
17.44545 2.00689
17.44961 2.0088
17.45377 2.01065
17.45793 2.01255
17.46209 2.0144
17.46625 2.01631
17.47041 2.01822
17.47457 2.02006
17.47873 2.02191
17.48289 2.02382
17.48705 2.02566
17.49121 2.02757
17.49537 2.02942
17.49953 2.03126
17.50369 2.03317
17.50785 2.03502
17.51201 2.03686
17.51617 2.03871
17.52033 2.04062
17.52449 2.04246
17.52865 2.04431
17.53281 2.04615
17.53697 2.048
17.54113 2.04985
17.54529 2.05169
17.54945 2.05354
17.55361 2.05538
17.55777 2.05723
17.56193 2.05908
17.56609 2.06092
17.57025 2.06277
17.57441 2.06462
17.57857 2.0664
17.58273 2.06825
17.58689 2.07009
17.59105 2.07194
17.59521 2.07372
17.59937 2.07557
17.60353 2.07742
17.60769 2.0792
17.61185 2.08105
17.61601 2.08283
17.62017 2.08468
17.62433 2.08646
17.62849 2.08831
17.63265 2.09009
17.63681 2.09194
17.64097 2.09372
17.64513 2.09557
17.64929 2.09735
17.65345 2.09914
17.65761 2.10098
17.66177 2.10277
17.66593 1.95423
17.67009 1.95589
17.67425 1.9576
17.67841 1.95926
17.68257 1.96091
17.68673 1.96257
17.69089 1.96423
17.69505 1.96589
17.69921 1.96754
17.70337 1.96926
17.70753 1.97091
17.71169 1.97257
17.71585 1.97417
17.72001 1.97583
17.72417 1.97749
17.72833 1.97914
17.73249 1.9808
17.73665 1.98246
17.74081 1.98411
17.74497 1.98577
17.74913 1.98737
17.75329 1.98903
17.75745 1.99069
17.76161 1.99234
17.76577 1.99394
17.76993 1.9956
17.77409 1.99726
17.77825 1.99886
17.78241 2.00051
17.78657 2.00211
17.79073 2.00377
17.79489 2.00537
17.79905 2.00703
17.80321 2.00863
17.80737 2.01029
17.81153 2.01189
17.81569 2.01354
17.81985 2.01514
17.82401 2.01674
17.82817 2.0184
17.83233 2.02
17.83649 2.0216
17.84065 2.02326
17.84481 2.02486
17.84897 2.02646
17.85313 2.02806
17.85729 2.02966
17.86145 2.03131
17.86561 2.03291
17.86977 2.03451
17.87393 2.03611
17.87809 2.03771
17.88225 2.03931
17.88641 2.04091
17.89057 2.04251
17.89473 2.04411
17.89889 2.04571
17.90305 2.04731
17.90721 2.04891
17.91137 2.05051
17.91553 2.05211
17.91969 2.05366
17.92385 2.05526
17.92801 2.05686
17.93217 2.05846
17.93633 2.06006
17.94049 2.0616
17.94465 2.0632
17.94881 2.0648
17.95297 2.06634
17.95713 2.06794
17.96129 2.06954
17.96545 2.07109
17.96961 2.07269
17.97377 2.07423
17.97793 2.07583
17.98209 2.07737
17.98625 2.07897
17.99041 2.08051
17.99457 2.08211
17.99873 2.08366
18.00289 2.08526
18.00705 2.0868
18.01121 2.0884
18.01537 2.08994
18.01953 2.09149
18.02369 2.09309
18.02785 2.09463
18.03201 2.09617
18.03617 2.09771
18.04033 2.09931
18.04449 2.10086
18.04865 2.1024
18.05281 2.10394
18.05697 2.10549
18.06113 2.10709
18.06529 2.10863
18.06945 2.11017
18.07361 2.11171
18.07777 2.11326
18.08193 2.1148
18.08609 2.11634
18.09025 2.11789
18.09441 2.11943
18.09857 2.12097
18.10273 1.98101
18.10689 1.98245
18.11105 1.98389
18.11521 1.98533
18.11937 1.98672
18.12353 1.98816
18.12769 1.9896
18.13185 1.99104
18.13601 1.99248
18.14017 1.99392
18.14433 1.99531
18.14849 1.99675
18.15265 1.99819
18.15681 1.99957
18.16097 2.00101
18.16513 2.00245
18.16929 2.00384
18.17345 2.00528
18.17761 2.00672
18.18177 2.00811
18.18593 2.00955
18.19009 2.01093
18.19425 2.01237
18.19841 2.01376
18.20257 2.0152
18.20673 2.01659
18.21089 2.01803
18.21505 2.01941
18.21921 2.02085
18.22337 2.02224
18.22753 2.02363
18.23169 2.02507
18.23585 2.02645
18.24001 2.02784
18.24417 2.02928
18.24833 2.03067
18.25249 2.03205
18.25665 1.90635
18.26081 1.9077
18.26497 1.909
18.26913 1.9103
18.27329 1.9116
18.27745 1.9129
18.28161 1.9142
18.28577 1.91555
18.28993 1.91685
18.29409 1.91815
18.29825 1.91945
18.30241 1.92075
18.30657 1.92205
18.31073 1.92335
18.31489 1.92465
18.31905 1.92595
18.32321 1.92725
18.32737 1.92855
18.33153 1.92985
18.33569 1.93115
18.33985 1.93245
18.34401 1.9337
18.34817 1.935
18.35233 1.9363
18.35649 1.9376
18.36065 1.9389
18.36481 1.9402
18.36897 1.94145
18.37313 1.94275
18.37729 1.94405
18.38145 1.94535
18.38561 1.9466
18.38977 1.9479
18.39393 1.9492
18.39809 1.95045
18.40225 1.95175
18.40641 1.953
18.41057 1.9543
18.41473 1.9556
18.41889 1.95685
18.42305 1.95815
18.42721 1.9594
18.43137 1.9607
18.43553 1.96195
18.43969 1.96325
18.44385 1.9645
18.44801 1.9658
18.45217 1.96705
18.45633 1.96835
18.46049 1.9696
18.46465 1.97085
18.46881 1.97215
18.47297 1.9734
18.47713 1.97465
18.48129 1.97595
18.48545 1.9772
18.48961 1.97845
18.49377 1.97975
18.49793 1.981
18.50209 1.98225
18.50625 1.9835
18.51041 1.9848
18.51457 1.98605
18.51873 1.9873
18.52289 1.98855
18.52705 1.9898
18.53121 1.99105
18.53537 1.9923
18.53953 1.9936
18.54369 1.99485
18.54785 1.9961
18.55201 1.99735
18.55617 1.9986
18.72673 0.1
18.76174 0.8
18.76590 1.06667
18.79675 1
18.80091 1.2
18.80507 1.4
18.80923 1.6
18.83176 2.4
18.83592 2.66667
18.84008 2.93333
18.84424 3.2
18.84840 3.46667
18.85256 3.73333
18.85672 4
18.86088 4.26667
18.86677 3.4
18.87093 3.6
18.87509 3.8
18.87925 3.8106
18.88341 3.821
18.88757 3.8314
18.89173 3.842
18.89589 3.8524
18.90005 3.8628
18.90421 3.873
18.90837 3.8834
18.91253 3.8938
18.91669 3.904
18.92085 3.9142
18.92501 3.9244
18.92917 3.9346
18.93333 2.62987
18.93749 2.63667
18.94165 2.64333
18.94581 2.65013
18.94997 2.6568
18.95413 2.66347
18.95829 2.67013
18.96245 2.6768
18.96661 2.68347
18.97077 2.69013
18.97493 2.69667
18.97909 2.70333
18.98325 2.70987
18.98741 2.7164
18.99157 2.72293
18.99573 2.72947
18.99989 2.736
19.00405 2.74253
19.00821 2.74907
19.01237 2.0666
19.01653 2.0714
19.02069 2.0763
19.02485 2.0811
19.02901 2.0859
19.03317 2.0907
19.03733 2.0955
19.04149 2.1002
19.04565 2.105
19.04981 2.1098
19.05397 2.1145
19.05813 2.1192
19.06229 2.1239
19.06645 2.1286
19.07061 2.1333
19.07477 2.138
19.07893 2.1427
19.08309 2.1474
19.08725 2.152
19.09141 2.1567
19.09557 1.92116
19.09973 1.92524
19.10389 1.92942
19.10805 1.93351
19.11221 1.9376
19.11637 1.94169
19.12053 1.94569
19.12469 1.94978
19.12885 1.95387
19.13301 1.95787
19.13717 1.96187
19.14133 1.96596
19.14549 1.96996
19.14965 1.97396
19.15381 1.97796
19.15797 1.98196
19.16213 1.98596
19.16629 1.98996
19.17045 1.99387
19.17461 1.99787
19.17877 2.00178
19.18293 2.2565
19.18709 2.2609
19.19125 2.2653
19.19541 2.2698
19.19957 2.2742
19.20373 2.2786
19.20789 2.2829
19.21205 2.2873
19.21621 2.2917
19.22037 2.2961
19.22453 2.3004
19.22869 2.3048
19.23285 2.3091
19.23701 2.3134
19.24117 2.3178
19.24533 2.3221
19.24949 2.3264
19.25365 2.3307
19.25781 2.335
19.26197 2.3392
19.26613 2.3435
19.27029 2.3478
19.27445 1.8816
19.27861 1.88504
19.28277 1.8884
19.28693 1.89184
19.29109 1.8952
19.29525 1.89856
19.29941 1.90192
19.30357 1.90536
19.30773 1.90864
19.31189 1.912
19.31605 1.91536
19.32021 1.91872
19.32437 1.92208
19.32853 1.92536
19.33269 1.92872
19.33685 1.932
19.34101 1.93536
19.34517 1.93864
19.34933 1.94192
19.35349 1.94528
19.35765 1.94856
19.36181 1.95184
19.36597 1.95512
19.37013 2.176
19.37429 2.17964
19.37845 2.1832
19.38261 2.18684
19.38677 2.19049
19.39093 2.19404
19.39509 2.19769
19.39925 2.20124
19.40341 2.20489
19.40757 2.20844
19.41173 2.212
19.41589 2.21556
19.42005 2.21911
19.42421 2.22267
19.42837 2.22622
19.43253 2.22978
19.43669 2.23333
19.44085 2.23689
19.44501 2.24044
19.44917 2.24391
19.45333 2.24747
19.45749 2.25102
19.46165 2.25449
19.46581 2.25804
19.46997 2.03536
19.47413 2.03848
19.47829 2.0416
19.48245 2.0448
19.48661 2.04792
19.49077 2.05104
19.49493 2.05416
19.49909 2.05728
19.50325 2.0604
19.50741 2.06352
19.51157 2.06656
19.51573 2.06968
19.51989 2.0728
19.52405 2.07584
19.52821 2.07896
19.53237 2.082
19.53653 2.08512
19.54069 2.08816
19.54485 2.0912
19.54901 2.09432
19.55317 2.09736
19.55733 2.1004
19.56149 2.10344
19.56565 2.10648
19.56981 2.10952
19.57397 2.11256
19.57813 2.1156
19.58229 2.11864
19.58645 2.1216
19.59061 2.12464
19.59477 2.12768
19.59893 2.13064
19.60309 2.13368
19.60725 2.13664
19.61141 2.13968
19.61557 2.14264
19.61973 2.14568
19.62389 2.14864
19.62805 2.1516
19.63221 2.15456
19.63637 2.15752
19.64053 2.16056
19.64469 2.16352
19.64885 2.16648
19.65301 2.16936
19.65717 2.17232
19.66133 2.17528
19.66549 2.17824
19.66965 2.1812
19.67381 2.18408
19.67797 2.18704
19.68213 1.99091
19.68629 1.99353
19.69045 1.99622
19.69461 1.99884
19.69877 2.00145
19.70293 2.00415
19.70709 2.00676
19.71125 2.00938
19.71541 2.012
19.71957 2.01469
19.72373 2.01731
19.72789 2.01993
19.73205 2.02255
19.73621 2.02516
19.74037 2.02778
19.74453 2.03033
19.74869 2.03295
19.75285 2.03556
19.75701 2.03818
19.76117 2.04073
19.76533 2.04335
19.76949 2.04596
19.77365 2.04851
19.77781 2.05113
19.78197 2.05367
19.78613 2.05629
19.79029 2.05884
19.79445 1.8896
19.79861 1.892
19.80277 1.89433
19.80693 1.89667
19.81109 1.899
19.81525 1.90133
19.81941 1.90367
19.82357 1.906
19.82773 1.90833
19.83189 1.91067
19.83605 1.913
19.84021 1.91533
19.84437 1.91767
19.84853 1.92
19.85269 1.92227
19.85685 1.9246
19.86101 1.92693
19.86517 1.9292
19.86933 1.93153
19.87349 1.9338
19.87765 1.93613
19.88181 1.9384
19.88597 1.94073
19.89013 1.943
19.89429 1.94527
19.89845 1.9476
19.90261 1.94987
19.90677 1.95213
19.91093 2.13207
19.91509 2.13455
19.91925 2.13702
19.92341 2.13949
19.92757 2.14196
19.93173 2.14444
19.93589 2.14691
19.94005 2.14938
19.94421 2.15185
19.94837 2.15433
19.95253 2.15673
19.95669 2.1592
19.96085 2.16167
19.96501 2.16407
19.96917 2.16655
19.97333 2.16902
19.97749 2.17142
19.98165 2.17389
19.98581 2.17629
19.98997 2.17876
19.99413 2.18116
19.99829 2.18356
